  0.0000000e+000 -1.1416000e-003
  1.0000000e-002 -3.1087000e-003
  2.0000000e-002 -4.4503000e-003
  3.0000000e-002 -4.0427000e-003
  4.0000000e-002 -3.6850000e-003
  5.0000000e-002 -4.7139000e-003
  6.0000000e-002 -5.4187000e-003
  7.0000000e-002 -2.3653000e-003
  8.0000000e-002  4.0102000e-003
  9.0000000e-002  1.0179000e-002
  1.0000000e-001  1.6438000e-002
  1.1000000e-001  2.6618000e-002
  1.2000000e-001  4.0954000e-002
  1.3000000e-001  5.4531000e-002
  1.4000000e-001  6.3946000e-002
  1.5000000e-001  7.0111000e-002
  1.6000000e-001  7.3129000e-002
  1.7000000e-001  6.9560000e-002
  1.8000000e-001  5.7037000e-002
  1.9000000e-001  3.7811000e-002
  2.0000000e-001  1.6584000e-002
  2.1000000e-001  2.6130000e-004
  2.2000000e-001 -1.3074000e-003
  2.3000000e-001  1.8437000e-002
  2.4000000e-001  5.2582000e-002
  2.5000000e-001  8.2825000e-002
  2.6000000e-001  9.2524000e-002
  2.7000000e-001  7.5080000e-002
  2.8000000e-001  3.2146000e-002
  2.9000000e-001 -2.6366000e-002
  3.0000000e-001 -8.2223000e-002
  3.1000000e-001 -1.1784000e-001
  3.2000000e-001 -1.2935000e-001
  3.3000000e-001 -1.2437000e-001
  3.4000000e-001 -1.0796000e-001
  3.5000000e-001 -7.8207000e-002
  3.6000000e-001 -3.7259000e-002
  3.7000000e-001  2.4268000e-003
  3.8000000e-001  2.8364000e-002
  3.9000000e-001  3.9335000e-002
  4.0000000e-001  4.2395000e-002
  4.1000000e-001  4.2969000e-002
  4.2000000e-001  4.3554000e-002
  4.3000000e-001  4.7021000e-002
  4.4000000e-001  5.4018000e-002
  4.5000000e-001  5.7127000e-002
  4.6000000e-001  4.5559000e-002
  4.7000000e-001  1.6986000e-002
  4.8000000e-001 -1.8545000e-002
  4.9000000e-001 -4.7845000e-002
  5.0000000e-001 -6.2073000e-002
  5.1000000e-001 -5.5116000e-002
  5.2000000e-001 -2.2858000e-002
  5.3000000e-001  2.8108000e-002
  5.4000000e-001  7.5996000e-002
  5.5000000e-001  9.6285000e-002
  5.6000000e-001  7.9990000e-002
  5.7000000e-001  3.8198000e-002
  5.8000000e-001 -8.2075000e-003
  5.9000000e-001 -4.1483000e-002
  6.0000000e-001 -5.4656000e-002
  6.1000000e-001 -5.1630000e-002
  6.2000000e-001 -4.1565000e-002
  6.3000000e-001 -3.3432000e-002
  6.4000000e-001 -3.7369000e-002
  6.5000000e-001 -6.4090000e-002
  6.6000000e-001 -1.1354000e-001
  6.7000000e-001 -1.6659000e-001
  6.8000000e-001 -1.9828000e-001
  6.9000000e-001 -1.9640000e-001
  7.0000000e-001 -1.6207000e-001
  7.1000000e-001 -1.0172000e-001
  7.2000000e-001 -3.2098000e-002
  7.3000000e-001  1.7652000e-002
  7.4000000e-001  2.5110000e-002
  7.5000000e-001 -6.1975000e-003
  7.6000000e-001 -5.8883000e-002
  7.7000000e-001 -1.1951000e-001
  7.8000000e-001 -1.7383000e-001
  7.9000000e-001 -1.9668000e-001
  8.0000000e-001 -1.6980000e-001
  8.1000000e-001 -1.0106000e-001
  8.2000000e-001 -1.5176000e-002
  8.3000000e-001  6.5218000e-002
  8.4000000e-001  1.1989000e-001
  8.5000000e-001  1.3200000e-001
  8.6000000e-001  1.0561000e-001
  8.7000000e-001  6.7420000e-002
  8.8000000e-001  4.0168000e-002
  8.9000000e-001  2.2716000e-002
  9.0000000e-001  4.5022000e-003
  9.1000000e-001 -1.5428000e-002
  9.2000000e-001 -3.1497000e-002
  9.3000000e-001 -4.1487000e-002
  9.4000000e-001 -4.2886000e-002
  9.5000000e-001 -2.9382000e-002
  9.6000000e-001  3.7203000e-004
  9.7000000e-001  3.6950000e-002
  9.8000000e-001  6.8655000e-002
  9.9000000e-001  9.0944000e-002
  1.0000000e+000  1.0493000e-001
  1.0100000e+000  1.1067000e-001
  1.0200000e+000  1.0643000e-001
  1.0300000e+000  9.2092000e-002
  1.0400000e+000  7.1718000e-002
  1.0500000e+000  5.1261000e-002
  1.0600000e+000  3.5543000e-002
  1.0700000e+000  2.6988000e-002
  1.0800000e+000  2.5711000e-002
  1.0900000e+000  2.7725000e-002
  1.1000000e+000  2.5090000e-002
  1.1100000e+000  1.2299000e-002
  1.1200000e+000 -7.6052000e-003
  1.1300000e+000 -2.6028000e-002
  1.1400000e+000 -3.7719000e-002
  1.1500000e+000 -4.3414000e-002
  1.1600000e+000 -4.6077000e-002
  1.1700000e+000 -4.7127000e-002
  1.1800000e+000 -4.5341000e-002
  1.1900000e+000 -3.7727000e-002
  1.2000000e+000 -2.0805000e-002
  1.2100000e+000  8.7994000e-003
  1.2200000e+000  5.4181000e-002
  1.2300000e+000  1.1180000e-001
  1.2400000e+000  1.6538000e-001
  1.2500000e+000  1.9159000e-001
  1.2600000e+000  1.8036000e-001
  1.2700000e+000  1.4355000e-001
  1.2800000e+000  1.0016000e-001
  1.2900000e+000  5.8223000e-002
  1.3000000e+000  1.8223000e-002
  1.3100000e+000 -1.6772000e-002
  1.3200000e+000 -4.2706000e-002
  1.3300000e+000 -6.0432000e-002
  1.3400000e+000 -7.1512000e-002
  1.3500000e+000 -7.3817000e-002
  1.3600000e+000 -6.5405000e-002
  1.3700000e+000 -4.9279000e-002
  1.3800000e+000 -3.1682000e-002
  1.3900000e+000 -1.9341000e-002
  1.4000000e+000 -1.7406000e-002
  1.4100000e+000 -2.6881000e-002
  1.4200000e+000 -4.5548000e-002
  1.4300000e+000 -7.2250000e-002
  1.4400000e+000 -1.0401000e-001
  1.4500000e+000 -1.2950000e-001
  1.4600000e+000 -1.3234000e-001
  1.4700000e+000 -1.0395000e-001
  1.4800000e+000 -4.7487000e-002
  1.4900000e+000  2.5977000e-002
  1.5000000e+000  9.6166000e-002
  1.5100000e+000  1.3447000e-001
  1.5200000e+000  1.2374000e-001
  1.5300000e+000  7.5739000e-002
  1.5400000e+000  1.6983000e-002
  1.5500000e+000 -3.4171000e-002
  1.5600000e+000 -6.5673000e-002
  1.5700000e+000 -6.3268000e-002
  1.5800000e+000 -2.4015000e-002
  1.5900000e+000  3.1256000e-002
  1.6000000e+000  7.5167000e-002
  1.6100000e+000  9.7800000e-002
  1.6200000e+000  1.0338000e-001
  1.6300000e+000  9.4270000e-002
  1.6400000e+000  7.2167000e-002
  1.6500000e+000  4.6347000e-002
  1.6600000e+000  2.6800000e-002
  1.6700000e+000  1.5062000e-002
  1.6800000e+000  8.8728000e-003
  1.6900000e+000  8.0863000e-003
  1.7000000e+000  1.0066000e-002
  1.7100000e+000  8.2172000e-003
  1.7200000e+000 -7.0458000e-004
  1.7300000e+000 -1.3315000e-002
  1.7400000e+000 -2.4013000e-002
  1.7500000e+000 -2.6008000e-002
  1.7600000e+000 -1.0177000e-002
  1.7700000e+000  2.6596000e-002
  1.7800000e+000  7.1443000e-002
  1.7900000e+000  1.0211000e-001
  1.8000000e+000  1.0561000e-001
  1.8100000e+000  8.4352000e-002
  1.8200000e+000  4.7728000e-002
  1.8300000e+000  5.8402000e-003
  1.8400000e+000 -2.9799000e-002
  1.8500000e+000 -4.9831000e-002
  1.8600000e+000 -5.3558000e-002
  1.8700000e+000 -4.6946000e-002
  1.8800000e+000 -3.5087000e-002
  1.8900000e+000 -2.1675000e-002
  1.9000000e+000 -1.2605000e-002
  1.9100000e+000 -1.3682000e-002
  1.9200000e+000 -2.6820000e-002
  1.9300000e+000 -5.0722000e-002
  1.9400000e+000 -7.9700000e-002
  1.9500000e+000 -1.0054000e-001
  1.9600000e+000 -9.8417000e-002
  1.9700000e+000 -6.9142000e-002
  1.9800000e+000 -1.9256000e-002
  1.9900000e+000  4.2519000e-002
  2.0000000e+000  1.0379000e-001
  2.0100000e+000  1.4157000e-001
  2.0200000e+000  1.3572000e-001
  2.0300000e+000  8.8946000e-002
  2.0400000e+000  2.1322000e-002
  2.0500000e+000 -5.2701000e-002
  2.0600000e+000 -1.2388000e-001
  2.0700000e+000 -1.7364000e-001
  2.0800000e+000 -1.8069000e-001
  2.0900000e+000 -1.4438000e-001
  2.1000000e+000 -8.4483000e-002
  2.1100000e+000 -2.3869000e-002
  2.1200000e+000  2.0058000e-002
  2.1300000e+000  3.4707000e-002
  2.1400000e+000  2.0603000e-002
  2.1500000e+000 -6.0559000e-003
  2.1600000e+000 -2.6700000e-002
  2.1700000e+000 -3.3111000e-002
  2.1800000e+000 -2.2787000e-002
  2.1900000e+000  4.3813000e-003
  2.2000000e+000  3.8726000e-002
  2.2100000e+000  6.1650000e-002
  2.2200000e+000  6.3380000e-002
  2.2300000e+000  5.0896000e-002
  2.2400000e+000  3.5303000e-002
  2.2500000e+000  2.0630000e-002
  2.2600000e+000  7.7931000e-003
  2.2700000e+000 -1.3018000e-003
  2.2800000e+000 -7.3265000e-003
  2.2900000e+000 -1.4276000e-002
  2.3000000e+000 -2.2699000e-002
  2.3100000e+000 -2.7333000e-002
  2.3200000e+000 -2.2813000e-002
  2.3300000e+000 -8.9207000e-003
  2.3400000e+000  9.9072000e-003
  2.3500000e+000  2.5643000e-002
  2.3600000e+000  2.8732000e-002
  2.3700000e+000  1.4402000e-002
  2.3800000e+000 -1.2080000e-002
  2.3900000e+000 -3.9024000e-002
  2.4000000e+000 -5.6401000e-002
  2.4100000e+000 -5.7793000e-002
  2.4200000e+000 -3.8495000e-002
  2.4300000e+000 -9.8939000e-005
  2.4400000e+000  4.3685000e-002
  2.4500000e+000  7.3051000e-002
  2.4600000e+000  7.6755000e-002
  2.4700000e+000  5.6870000e-002
  2.4800000e+000  2.2479000e-002
  2.4900000e+000 -1.5961000e-002
  2.5000000e+000 -4.8663000e-002
  2.5100000e+000 -6.9482000e-002
  2.5200000e+000 -7.7140000e-002
  2.5300000e+000 -6.9009000e-002
  2.5400000e+000 -3.9364000e-002
  2.5500000e+000  1.1114000e-002
  2.5600000e+000  6.7197000e-002
  2.5700000e+000  1.0965000e-001
  2.5800000e+000  1.2999000e-001
  2.5900000e+000  1.3009000e-001
  2.6000000e+000  1.1189000e-001
  2.6100000e+000  7.7278000e-002
  2.6200000e+000  3.4891000e-002
  2.6300000e+000 -1.9527000e-003
  2.6400000e+000 -2.4680000e-002
  2.6500000e+000 -3.1563000e-002
  2.6600000e+000 -2.3047000e-002
  2.6700000e+000 -9.4770000e-004
  2.6800000e+000  2.8404000e-002
  2.6900000e+000  5.5619000e-002
  2.7000000e+000  7.2790000e-002
  2.7100000e+000  7.4676000e-002
  2.7200000e+000  5.8767000e-002
  2.7300000e+000  2.9556000e-002
  2.7400000e+000 -5.1075000e-004
  2.7500000e+000 -1.9638000e-002
  2.7600000e+000 -2.5915000e-002
  2.7700000e+000 -2.5268000e-002
  2.7800000e+000 -2.4472000e-002
  2.7900000e+000 -2.8703000e-002
  2.8000000e+000 -4.1526000e-002
  2.8100000e+000 -6.1914000e-002
  2.8200000e+000 -8.3663000e-002
  2.8300000e+000 -1.0005000e-001
  2.8400000e+000 -1.0615000e-001
  2.8500000e+000 -9.6863000e-002
  2.8600000e+000 -6.9752000e-002
  2.8700000e+000 -3.1554000e-002
  2.8800000e+000  4.6853000e-003
  2.8900000e+000  2.9825000e-002
  2.9000000e+000  4.0461000e-002
  2.9100000e+000  3.3233000e-002
  2.9200000e+000  7.3183000e-003
  2.9300000e+000 -2.8340000e-002
  2.9400000e+000 -5.9900000e-002
  2.9500000e+000 -8.0472000e-002
  2.9600000e+000 -8.8580000e-002
  2.9700000e+000 -7.9162000e-002
  2.9800000e+000 -4.8928000e-002
  2.9900000e+000 -8.4325000e-003
  3.0000000e+000  2.3824000e-002
  3.0100000e+000  3.9687000e-002
  3.0200000e+000  4.3486000e-002
  3.0300000e+000  3.9447000e-002
  3.0400000e+000  2.8262000e-002
  3.0500000e+000  1.4508000e-002
  3.0600000e+000  5.3406000e-003
  3.0700000e+000  2.1007000e-003
  3.0800000e+000  4.0729000e-004
  3.0900000e+000 -2.4281000e-003
  3.1000000e+000 -6.8515000e-003
  3.1100000e+000 -1.4625000e-002
  3.1200000e+000 -2.7125000e-002
  3.1300000e+000 -4.1211000e-002
  3.1400000e+000 -5.0951000e-002
  3.1500000e+000 -5.1110000e-002
  3.1600000e+000 -3.8065000e-002
  3.1700000e+000 -1.2471000e-002
  3.1800000e+000  1.7092000e-002
  3.1900000e+000  3.8905000e-002
  3.2000000e+000  4.8908000e-002
  3.2100000e+000  5.3001000e-002
  3.2200000e+000  5.7949000e-002
  3.2300000e+000  6.4759000e-002
  3.2400000e+000  7.0495000e-002
  3.2500000e+000  7.1471000e-002
  3.2600000e+000  6.2841000e-002
  3.2700000e+000  4.0301000e-002
  3.2800000e+000  5.3165000e-003
  3.2900000e+000 -3.2843000e-002
  3.3000000e+000 -6.2723000e-002
  3.3100000e+000 -7.7760000e-002
  3.3200000e+000 -7.7629000e-002
  3.3300000e+000 -6.3682000e-002
  3.3400000e+000 -3.5715000e-002
  3.3500000e+000  3.4343000e-003
  3.3600000e+000  4.1934000e-002
  3.3700000e+000  6.3481000e-002
  3.3800000e+000  6.0109000e-002
  3.3900000e+000  3.6037000e-002
  3.4000000e+000  5.8439000e-004
  3.4100000e+000 -3.5708000e-002
  3.4200000e+000 -5.7862000e-002
  3.4300000e+000 -5.0987000e-002
  3.4400000e+000 -1.4036000e-002
  3.4500000e+000  3.6555000e-002
  3.4600000e+000  7.9876000e-002
  3.4700000e+000  1.0088000e-001
  3.4800000e+000  9.0938000e-002
  3.4900000e+000  5.0345000e-002
  3.5000000e+000 -5.4282000e-003
  3.5100000e+000 -5.3557000e-002
  3.5200000e+000 -7.9547000e-002
  3.5300000e+000 -8.0363000e-002
  3.5400000e+000 -5.5073000e-002
  3.5500000e+000 -7.6248000e-003
  3.5600000e+000  4.3982000e-002
  3.5700000e+000  7.4449000e-002
  3.5800000e+000  7.0627000e-002
  3.5900000e+000  3.7553000e-002
  3.6000000e+000 -1.1574000e-002
  3.6100000e+000 -6.3465000e-002
  3.6200000e+000 -1.0604000e-001
  3.6300000e+000 -1.3002000e-001
  3.6400000e+000 -1.3062000e-001
  3.6500000e+000 -1.0622000e-001
  3.6600000e+000 -6.2265000e-002
  3.6700000e+000 -1.6320000e-002
  3.6800000e+000  1.1179000e-002
  3.6900000e+000  1.4875000e-002
  3.7000000e+000  5.5809000e-003
  3.7100000e+000 -5.5984000e-003
  3.7200000e+000 -1.5716000e-002
  3.7300000e+000 -2.2682000e-002
  3.7400000e+000 -2.0239000e-002
  3.7500000e+000 -3.7500000e-003
  3.7600000e+000  2.2912000e-002
  3.7700000e+000  4.7700000e-002
  3.7800000e+000  5.6393000e-002
  3.7900000e+000  4.2298000e-002
  3.8000000e+000  1.2953000e-002
  3.8100000e+000 -1.6511000e-002
  3.8200000e+000 -3.6487000e-002
  3.8300000e+000 -4.5439000e-002
  3.8400000e+000 -4.1702000e-002
  3.8500000e+000 -2.3986000e-002
  3.8600000e+000  7.4130000e-004
  3.8700000e+000  1.8607000e-002
  3.8800000e+000  2.1662000e-002
  3.8900000e+000  1.2884000e-002
  3.9000000e+000  7.4745000e-004
  3.9100000e+000 -5.6432000e-003
  3.9200000e+000  2.7635000e-003
  3.9300000e+000  2.8839000e-002
  3.9400000e+000  6.3121000e-002
  3.9500000e+000  8.9145000e-002
  3.9600000e+000  9.7295000e-002
  3.9700000e+000  8.9637000e-002
  3.9800000e+000  7.3688000e-002
  3.9900000e+000  5.6493000e-002
  4.0000000e+000  4.4071000e-002
  4.0100000e+000  4.0329000e-002
  4.0200000e+000  4.3456000e-002
  4.0300000e+000  4.6882000e-002
  4.0400000e+000  4.5557000e-002
  4.0500000e+000  3.9138000e-002
  4.0600000e+000  2.8593000e-002
  4.0700000e+000  1.4551000e-002
  4.0800000e+000 -6.0002000e-005
  4.0900000e+000 -1.0932000e-002
  4.1000000e+000 -1.8048000e-002
  4.1100000e+000 -2.6854000e-002
  4.1200000e+000 -4.1290000e-002
  4.1300000e+000 -5.8481000e-002
  4.1400000e+000 -7.1106000e-002
  4.1500000e+000 -7.2616000e-002
  4.1600000e+000 -5.8896000e-002
  4.1700000e+000 -2.9613000e-002
  4.1800000e+000  9.0686000e-003
  4.1900000e+000  4.4605000e-002
  4.2000000e+000  6.4176000e-002
  4.2100000e+000  6.1310000e-002
  4.2200000e+000  3.8381000e-002
  4.2300000e+000  4.7882000e-003
  4.2400000e+000 -2.7050000e-002
  4.2500000e+000 -4.6002000e-002
  4.2600000e+000 -4.4811000e-002
  4.2700000e+000 -2.3074000e-002
  4.2800000e+000  9.7301000e-003
  4.2900000e+000  3.6974000e-002
  4.3000000e+000  4.5605000e-002
  4.3100000e+000  3.4164000e-002
  4.3200000e+000  1.0697000e-002
  4.3300000e+000 -1.4172000e-002
  4.3400000e+000 -3.1554000e-002
  4.3500000e+000 -3.6447000e-002
  4.3600000e+000 -2.9758000e-002
  4.3700000e+000 -1.7384000e-002
  4.3800000e+000 -5.4593000e-003
  4.3900000e+000  3.9070000e-003
  4.4000000e+000  1.1649000e-002
  4.4100000e+000  1.8954000e-002
  4.4200000e+000  2.6014000e-002
  4.4300000e+000  3.3011000e-002
  4.4400000e+000  4.0065000e-002
  4.4500000e+000  4.5878000e-002
  4.4600000e+000  4.5757000e-002
  4.4700000e+000  3.4317000e-002
  4.4800000e+000  1.1334000e-002
  4.4900000e+000 -1.5584000e-002
  4.5000000e+000 -3.6917000e-002
  4.5100000e+000 -4.7894000e-002
  4.5200000e+000 -4.9160000e-002
  4.5300000e+000 -4.3261000e-002
  4.5400000e+000 -3.3584000e-002
  4.5500000e+000 -2.4015000e-002
  4.5600000e+000 -1.7244000e-002
  4.5700000e+000 -1.3197000e-002
  4.5800000e+000 -9.8435000e-003
  4.5900000e+000 -4.9133000e-003
  4.6000000e+000  2.5575000e-003
  4.6100000e+000  1.1261000e-002
  4.6200000e+000  1.8506000e-002
  4.6300000e+000  2.2929000e-002
  4.6400000e+000  2.5765000e-002
  4.6500000e+000  2.8335000e-002
  4.6600000e+000  2.9758000e-002
  4.6700000e+000  2.8407000e-002
  4.6800000e+000  2.3916000e-002
  4.6900000e+000  1.6329000e-002
  4.7000000e+000  5.3767000e-003
  4.7100000e+000 -7.8132000e-003
  4.7200000e+000 -1.9800000e-002
  4.7300000e+000 -2.6933000e-002
  4.7400000e+000 -2.8147000e-002
  4.7500000e+000 -2.5128000e-002
  4.7600000e+000 -2.0236000e-002
  4.7700000e+000 -1.5178000e-002
  4.7800000e+000 -1.1253000e-002
  4.7900000e+000 -9.5007000e-003
  4.8000000e+000 -1.0516000e-002
  4.8100000e+000 -1.4263000e-002
  4.8200000e+000 -1.9603000e-002
  4.8300000e+000 -2.4093000e-002
  4.8400000e+000 -2.5067000e-002
  4.8500000e+000 -2.0993000e-002
  4.8600000e+000 -1.2734000e-002
  4.8700000e+000 -3.6098000e-003
  4.8800000e+000  2.6832000e-003
  4.8900000e+000  5.2867000e-003
  4.9000000e+000  7.0698000e-003
  4.9100000e+000  1.1768000e-002
  4.9200000e+000  1.9953000e-002
  4.9300000e+000  2.8219000e-002
  4.9400000e+000  3.2745000e-002
  4.9500000e+000  3.2404000e-002
  4.9600000e+000  2.7929000e-002
  4.9700000e+000  1.9506000e-002
  4.9800000e+000  7.0899000e-003
  4.9900000e+000 -7.6478000e-003
  5.0000000e+000 -2.1505000e-002
  5.0100000e+000 -3.2186000e-002
  5.0200000e+000 -3.8760000e-002
  5.0300000e+000 -4.0287000e-002
  5.0400000e+000 -3.6030000e-002
  5.0500000e+000 -2.7426000e-002
  5.0600000e+000 -1.7242000e-002
  5.0700000e+000 -6.6113000e-003
  5.0800000e+000  5.2905000e-003
  5.0900000e+000  1.7901000e-002
  5.1000000e+000  2.8101000e-002
  5.1100000e+000  3.2613000e-002
  5.1200000e+000  2.9690000e-002
  5.1300000e+000  1.8441000e-002
  5.1400000e+000 -2.3591000e-004
  5.1500000e+000 -2.1718000e-002
  5.1600000e+000 -3.8438000e-002
  5.1700000e+000 -4.3652000e-002
  5.1800000e+000 -3.4404000e-002
  5.1900000e+000 -1.3040000e-002
  5.2000000e+000  1.1676000e-002
  5.2100000e+000  2.7794000e-002
  5.2200000e+000  2.8478000e-002
  5.2300000e+000  1.7354000e-002
  5.2400000e+000  3.2496000e-003
  5.2500000e+000 -7.3892000e-003
  5.2600000e+000 -1.1240000e-002
  5.2700000e+000 -4.4433000e-003
  5.2800000e+000  1.5442000e-002
  5.2900000e+000  4.3783000e-002
  5.3000000e+000  6.8741000e-002
  5.3100000e+000  7.8609000e-002
  5.3200000e+000  6.8376000e-002
  5.3300000e+000  4.2224000e-002
  5.3400000e+000  1.2043000e-002
  5.3500000e+000 -8.9720000e-003
  5.3600000e+000 -1.5191000e-002
  5.3700000e+000 -1.0524000e-002
  5.3800000e+000 -2.1127000e-003
  5.3900000e+000  4.4706000e-003
  5.4000000e+000  2.8991000e-003
  5.4100000e+000 -1.3529000e-002
  5.4200000e+000 -4.3703000e-002
  5.4300000e+000 -7.5148000e-002
  5.4400000e+000 -9.4810000e-002
  5.4500000e+000 -9.9274000e-002
  5.4600000e+000 -9.0060000e-002
  5.4700000e+000 -6.5629000e-002
  5.4800000e+000 -2.6401000e-002
  5.4900000e+000  1.6719000e-002
  5.5000000e+000  4.8582000e-002
  5.5100000e+000  6.2780000e-002
  5.5200000e+000  6.2244000e-002
  5.5300000e+000  5.0294000e-002
  5.5400000e+000  3.0430000e-002
  5.5500000e+000  1.1171000e-002
  5.5600000e+000  1.0433000e-003
  5.5700000e+000 -1.2595000e-003
  5.5800000e+000 -3.8725000e-003
  5.5900000e+000 -1.0883000e-002
  5.6000000e+000 -2.0767000e-002
  5.6100000e+000 -3.1874000e-002
  5.6200000e+000 -4.0544000e-002
  5.6300000e+000 -3.6520000e-002
  5.6400000e+000 -1.1627000e-002
  5.6500000e+000  2.6821000e-002
  5.6600000e+000  5.9896000e-002
  5.6700000e+000  7.4919000e-002
  5.6800000e+000  7.1641000e-002
  5.6900000e+000  5.3751000e-002
  5.7000000e+000  2.4582000e-002
  5.7100000e+000 -8.4559000e-003
  5.7200000e+000 -3.4583000e-002
  5.7300000e+000 -4.7662000e-002
  5.7400000e+000 -4.8887000e-002
  5.7500000e+000 -4.1838000e-002
  5.7600000e+000 -2.9727000e-002
  5.7700000e+000 -1.7083000e-002
  5.7800000e+000 -8.7306000e-003
  5.7900000e+000 -6.7107000e-003
  5.8000000e+000 -9.9483000e-003
  5.8100000e+000 -1.5754000e-002
  5.8200000e+000 -2.0243000e-002
  5.8300000e+000 -2.0564000e-002
  5.8400000e+000 -1.6600000e-002
  5.8500000e+000 -8.6545000e-003
  5.8600000e+000  4.6389000e-003
  5.8700000e+000  2.2268000e-002
  5.8800000e+000  3.7986000e-002
  5.8900000e+000  4.6409000e-002
  5.9000000e+000  4.8523000e-002
  5.9100000e+000  4.6607000e-002
  5.9200000e+000  3.7923000e-002
  5.9300000e+000  2.0170000e-002
  5.9400000e+000 -1.1975000e-003
  5.9500000e+000 -1.7358000e-002
  5.9600000e+000 -2.4671000e-002
  5.9700000e+000 -2.4337000e-002
  5.9800000e+000 -1.8308000e-002
  5.9900000e+000 -9.8009000e-003
  6.0000000e+000 -3.4534000e-003
  6.0100000e+000 -1.3619000e-003
  6.0200000e+000 -2.1628000e-003
  6.0300000e+000 -5.3497000e-003
  6.0400000e+000 -1.2313000e-002
  6.0500000e+000 -2.2077000e-002
  6.0600000e+000 -3.0437000e-002
  6.0700000e+000 -3.4329000e-002
  6.0800000e+000 -3.3572000e-002
  6.0900000e+000 -2.8506000e-002
  6.1000000e+000 -1.9458000e-002
  6.1100000e+000 -7.9747000e-003
  6.1200000e+000  4.4534000e-003
  6.1300000e+000  1.7104000e-002
  6.1400000e+000  2.7217000e-002
  6.1500000e+000  2.9110000e-002
  6.1600000e+000  1.9824000e-002
  6.1700000e+000  3.1041000e-003
  6.1800000e+000 -1.4544000e-002
  6.1900000e+000 -2.8870000e-002
  6.2000000e+000 -3.6472000e-002
  6.2100000e+000 -3.3161000e-002
  6.2200000e+000 -1.8481000e-002
  6.2300000e+000  4.5920000e-004
  6.2400000e+000  1.4073000e-002
  6.2500000e+000  1.8340000e-002
  6.2600000e+000  1.5879000e-002
  6.2700000e+000  1.0939000e-002
  6.2800000e+000  6.3764000e-003
  6.2900000e+000  3.5510000e-003
  6.3000000e+000  2.5748000e-003
  6.3100000e+000  2.6775000e-003
  6.3200000e+000  3.5192000e-003
  6.3300000e+000  4.7840000e-003
  6.3400000e+000  4.8252000e-003
  6.3500000e+000  2.1434000e-003
  6.3600000e+000 -1.5108000e-003
  6.3700000e+000 -2.0547000e-003
  6.3800000e+000  2.1415000e-003
  6.3900000e+000  8.5639000e-003
  6.4000000e+000  1.3986000e-002
  6.4100000e+000  1.7636000e-002
  6.4200000e+000  2.0200000e-002
  6.4300000e+000  2.2249000e-002
  6.4400000e+000  2.4474000e-002
  6.4500000e+000  2.7364000e-002
  6.4600000e+000  2.9434000e-002
  6.4700000e+000  2.7683000e-002
  6.4800000e+000  2.1023000e-002
  6.4900000e+000  1.2130000e-002
  6.5000000e+000  4.7136000e-003
  6.5100000e+000 -1.1064000e-004
  6.5200000e+000 -3.6878000e-003
  6.5300000e+000 -7.0321000e-003
  6.5400000e+000 -1.0133000e-002
  6.5500000e+000 -1.2786000e-002
  6.5600000e+000 -1.4585000e-002
  6.5700000e+000 -1.4455000e-002
  6.5800000e+000 -1.2058000e-002
  6.5900000e+000 -8.7831000e-003
  6.6000000e+000 -6.1936000e-003
  6.6100000e+000 -3.9440000e-003
  6.6200000e+000 -7.8646000e-004
  6.6300000e+000  3.3452000e-003
  6.6400000e+000  7.5536000e-003
  6.6500000e+000  1.0936000e-002
  6.6600000e+000  1.2200000e-002
  6.6700000e+000  9.7921000e-003
  6.6800000e+000  3.7564000e-003
  6.6900000e+000 -3.8306000e-003
  6.7000000e+000 -1.0535000e-002
  6.7100000e+000 -1.4757000e-002
  6.7200000e+000 -1.4854000e-002
  6.7300000e+000 -8.9353000e-003
  6.7400000e+000  3.3393000e-003
  6.7500000e+000  1.9291000e-002
  6.7600000e+000  3.4032000e-002
  6.7700000e+000  4.2409000e-002
  6.7800000e+000  4.0573000e-002
  6.7900000e+000  2.7347000e-002
  6.8000000e+000  4.3522000e-003
  6.8100000e+000 -2.4313000e-002
  6.8200000e+000 -5.1496000e-002
  6.8300000e+000 -6.8013000e-002
  6.8400000e+000 -6.7564000e-002
  6.8500000e+000 -5.1264000e-002
  6.8600000e+000 -2.6381000e-002
  6.8700000e+000 -1.6747000e-003
  6.8800000e+000  1.5776000e-002
  6.8900000e+000  2.1731000e-002
  6.9000000e+000  1.6585000e-002
  6.9100000e+000  5.7016000e-003
  6.9200000e+000 -4.4563000e-003
  6.9300000e+000 -1.0650000e-002
  6.9400000e+000 -1.2462000e-002
  6.9500000e+000 -1.0919000e-002
  6.9600000e+000 -9.1130000e-003
  6.9700000e+000 -1.1361000e-002
  6.9800000e+000 -1.9137000e-002
  6.9900000e+000 -3.0038000e-002
  7.0000000e+000 -4.0839000e-002
  7.0100000e+000 -4.8522000e-002
  7.0200000e+000 -4.7420000e-002
  7.0300000e+000 -3.0974000e-002
  7.0400000e+000  1.0090000e-004
  7.0500000e+000  3.4225000e-002
  7.0600000e+000  5.7699000e-002
  7.0700000e+000  6.5283000e-002
  7.0800000e+000  6.0732000e-002
  7.0900000e+000  4.9769000e-002
  7.1000000e+000  3.6459000e-002
  7.1100000e+000  2.4379000e-002
  7.1200000e+000  1.7028000e-002
  7.1300000e+000  1.5531000e-002
  7.1400000e+000  1.7500000e-002
  7.1500000e+000  1.8956000e-002
  7.1600000e+000  1.7327000e-002
  7.1700000e+000  1.2397000e-002
  7.1800000e+000  5.6339000e-003
  7.1900000e+000 -7.0295000e-004
  7.2000000e+000 -4.3891000e-003
  7.2100000e+000 -5.0177000e-003
  7.2200000e+000 -4.3363000e-003
  7.2300000e+000 -4.2761000e-003
  7.2400000e+000 -4.6462000e-003
  7.2500000e+000 -4.0149000e-003
  7.2600000e+000 -1.9329000e-003
  7.2700000e+000  1.0462000e-003
  7.2800000e+000  5.3679000e-003
  7.2900000e+000  1.1355000e-002
  7.3000000e+000  1.6761000e-002
  7.3100000e+000  1.8399000e-002
  7.3200000e+000  1.6716000e-002
  7.3300000e+000  1.4866000e-002
  7.3400000e+000  1.3851000e-002
  7.3500000e+000  1.2566000e-002
  7.3600000e+000  1.2269000e-002
  7.3700000e+000  1.6366000e-002
  7.3800000e+000  2.5001000e-002
  7.3900000e+000  3.4586000e-002
  7.4000000e+000  4.1800000e-002
  7.4100000e+000  4.4088000e-002
  7.4200000e+000  3.6598000e-002
  7.4300000e+000  1.6021000e-002
  7.4400000e+000 -1.2332000e-002
  7.4500000e+000 -3.6165000e-002
  7.4600000e+000 -4.6291000e-002
  7.4700000e+000 -4.0506000e-002
  7.4800000e+000 -2.0367000e-002
  7.4900000e+000  9.3385000e-003
  7.5000000e+000  3.7680000e-002
  7.5100000e+000  5.1751000e-002
  7.5200000e+000  4.5822000e-002
  7.5300000e+000  2.4516000e-002
  7.5400000e+000 -2.7511000e-003
  7.5500000e+000 -2.7138000e-002
  7.5600000e+000 -4.1816000e-002
  7.5700000e+000 -4.2776000e-002
  7.5800000e+000 -3.0617000e-002
  7.5900000e+000 -1.0726000e-002
  7.6000000e+000  8.3485000e-003
  7.6100000e+000  1.7499000e-002
  7.6200000e+000  1.1217000e-002
  7.6300000e+000 -8.4204000e-003
  7.6400000e+000 -3.2802000e-002
  7.6500000e+000 -5.2356000e-002
  7.6600000e+000 -6.1032000e-002
  7.6700000e+000 -5.6443000e-002
  7.6800000e+000 -3.9916000e-002
  7.6900000e+000 -1.7266000e-002
  7.7000000e+000  3.1624000e-003
  7.7100000e+000  1.6333000e-002
  7.7200000e+000  2.2818000e-002
  7.7300000e+000  2.4985000e-002
  7.7400000e+000  2.3335000e-002
  7.7500000e+000  1.7966000e-002
  7.7600000e+000  1.1482000e-002
  7.7700000e+000  7.2428000e-003
  7.7800000e+000  6.1679000e-003
  7.7900000e+000  6.4453000e-003
  7.8000000e+000  5.8832000e-003
  7.8100000e+000  2.9240000e-003
  7.8200000e+000 -2.5517000e-003
  7.8300000e+000 -8.9055000e-003
  7.8400000e+000 -1.4391000e-002
  7.8500000e+000 -1.9462000e-002
  7.8600000e+000 -2.5572000e-002
  7.8700000e+000 -3.1995000e-002
  7.8800000e+000 -3.6010000e-002
  7.8900000e+000 -3.6161000e-002
  7.9000000e+000 -3.3177000e-002
  7.9100000e+000 -2.8699000e-002
  7.9200000e+000 -2.5255000e-002
  7.9300000e+000 -2.6397000e-002
  7.9400000e+000 -3.3808000e-002
  7.9500000e+000 -4.4464000e-002
  7.9600000e+000 -5.1887000e-002
  7.9700000e+000 -4.9786000e-002
  7.9800000e+000 -3.4774000e-002
  7.9900000e+000 -8.4299000e-003
  8.0000000e+000  2.1479000e-002
  8.0100000e+000  4.4089000e-002
  8.0200000e+000  5.1846000e-002
  8.0300000e+000  4.4380000e-002
  8.0400000e+000  2.7033000e-002
  8.0500000e+000  7.6078000e-003
  8.0600000e+000 -6.6911000e-003
  8.0700000e+000 -1.1858000e-002
  8.0800000e+000 -8.2662000e-003
  8.0900000e+000  2.4864000e-004
  8.1000000e+000  7.9569000e-003
  8.1100000e+000  9.3305000e-003
  8.1200000e+000  2.6806000e-003
  8.1300000e+000 -8.1098000e-003
  8.1400000e+000 -1.7323000e-002
  8.1500000e+000 -2.2633000e-002
  8.1600000e+000 -2.4439000e-002
  8.1700000e+000 -2.2005000e-002
  8.1800000e+000 -1.4411000e-002
  8.1900000e+000 -4.0755000e-003
  8.2000000e+000  4.9580000e-003
  8.2100000e+000  1.1765000e-002
  8.2200000e+000  1.7912000e-002
  8.2300000e+000  2.3674000e-002
  8.2400000e+000  2.8190000e-002
  8.2500000e+000  3.1198000e-002
  8.2600000e+000  3.1167000e-002
  8.2700000e+000  2.4076000e-002
  8.2800000e+000  8.5939000e-003
  8.2900000e+000 -1.0069000e-002
  8.3000000e+000 -2.4820000e-002
  8.3100000e+000 -3.2675000e-002
  8.3200000e+000 -3.1800000e-002
  8.3300000e+000 -1.8194000e-002
  8.3400000e+000  8.0521000e-003
  8.3500000e+000  3.5811000e-002
  8.3600000e+000  5.0206000e-002
  8.3700000e+000  4.5807000e-002
  8.3800000e+000  2.8868000e-002
  8.3900000e+000  8.4595000e-003
  8.4000000e+000 -8.8806000e-003
  8.4100000e+000 -1.8544000e-002
  8.4200000e+000 -1.7919000e-002
  8.4300000e+000 -9.1298000e-003
  8.4400000e+000  2.0355000e-003
  8.4500000e+000  1.0282000e-002
  8.4600000e+000  1.3711000e-002
  8.4700000e+000  1.3573000e-002
  8.4800000e+000  1.3210000e-002
  8.4900000e+000  1.5428000e-002
  8.5000000e+000  1.9955000e-002
  8.5100000e+000  2.4133000e-002
  8.5200000e+000  2.6031000e-002
  8.5300000e+000  2.4762000e-002
  8.5400000e+000  1.8779000e-002
  8.5500000e+000  7.6403000e-003
  8.5600000e+000 -4.9389000e-003
  8.5700000e+000 -1.2799000e-002
  8.5800000e+000 -1.3165000e-002
  8.5900000e+000 -8.2804000e-003
  8.6000000e+000 -1.8935000e-003
  8.6100000e+000  3.8590000e-003
  8.6200000e+000  7.5216000e-003
  8.6300000e+000  7.5064000e-003
  8.6400000e+000  4.1485000e-003
  8.6500000e+000  1.0914000e-003
  8.6600000e+000  2.3679000e-003
  8.6700000e+000  8.2226000e-003
  8.6800000e+000  1.5381000e-002
  8.6900000e+000  2.1217000e-002
  8.7000000e+000  2.5571000e-002
  8.7100000e+000  2.7523000e-002
  8.7200000e+000  2.3331000e-002
  8.7300000e+000  1.0761000e-002
  8.7400000e+000 -6.7401000e-003
  8.7500000e+000 -2.3277000e-002
  8.7600000e+000 -3.6006000e-002
  8.7700000e+000 -4.3624000e-002
  8.7800000e+000 -4.2951000e-002
  8.7900000e+000 -3.2215000e-002
  8.8000000e+000 -1.6312000e-002
  8.8100000e+000 -3.2559000e-003
  8.8200000e+000  3.8072000e-003
  8.8300000e+000  6.7026000e-003
  8.8400000e+000  6.0775000e-003
  8.8500000e+000  1.1527000e-003
  8.8600000e+000 -5.5816000e-003
  8.8700000e+000 -9.4113000e-003
  8.8800000e+000 -9.4674000e-003
  8.8900000e+000 -8.3182000e-003
  8.9000000e+000 -6.5493000e-003
  8.9100000e+000 -2.7004000e-003
  8.9200000e+000  1.0884000e-003
  8.9300000e+000 -6.9553000e-004
  8.9400000e+000 -9.8426000e-003
  8.9500000e+000 -2.1246000e-002
  8.9600000e+000 -2.8558000e-002
  8.9700000e+000 -2.9958000e-002
  8.9800000e+000 -2.7333000e-002
  8.9900000e+000 -2.2473000e-002
  9.0000000e+000 -1.6211000e-002
  9.0100000e+000 -9.6368000e-003
  9.0200000e+000 -4.2424000e-003
  9.0300000e+000 -7.6796000e-004
  9.0400000e+000  1.3255000e-003
  9.0500000e+000  3.5058000e-003
  9.0600000e+000  7.0983000e-003
  9.0700000e+000  1.2551000e-002
  9.0800000e+000  1.9309000e-002
  9.0900000e+000  2.5853000e-002
  9.1000000e+000  2.9447000e-002
  9.1100000e+000  2.6920000e-002
  9.1200000e+000  1.6954000e-002
  9.1300000e+000  1.7752000e-003
  9.1400000e+000 -1.3696000e-002
  9.1500000e+000 -2.4764000e-002
  9.1600000e+000 -2.8746000e-002
  9.1700000e+000 -2.4975000e-002
  9.1800000e+000 -1.4635000e-002
  9.1900000e+000 -1.1889000e-003
  9.2000000e+000  1.0258000e-002
  9.2100000e+000  1.5264000e-002
  9.2200000e+000  1.2456000e-002
  9.2300000e+000  4.0441000e-003
  9.2400000e+000 -5.7330000e-003
  9.2500000e+000 -1.2843000e-002
  9.2600000e+000 -1.5040000e-002
  9.2700000e+000 -1.2343000e-002
  9.2800000e+000 -6.0748000e-003
  9.2900000e+000  1.9587000e-003
  9.3000000e+000  9.3759000e-003
  9.3100000e+000  1.3021000e-002
  9.3200000e+000  1.0504000e-002
  9.3300000e+000  1.8420000e-003
  9.3400000e+000 -1.0523000e-002
  9.3500000e+000 -2.3594000e-002
  9.3600000e+000 -3.4972000e-002
  9.3700000e+000 -4.2909000e-002
  9.3800000e+000 -4.6002000e-002
  9.3900000e+000 -4.3734000e-002
  9.4000000e+000 -3.6551000e-002
  9.4100000e+000 -2.5787000e-002
  9.4200000e+000 -1.3387000e-002
  9.4300000e+000 -2.1718000e-003
  9.4400000e+000  5.1092000e-003
  9.4500000e+000  7.4499000e-003
  9.4600000e+000  7.2132000e-003
  9.4700000e+000  8.6832000e-003
  9.4800000e+000  1.4949000e-002
  9.4900000e+000  2.5415000e-002
  9.5000000e+000  3.7149000e-002
  9.5100000e+000  4.6928000e-002
  9.5200000e+000  5.1882000e-002
  9.5300000e+000  4.9193000e-002
  9.5400000e+000  3.8007000e-002
  9.5500000e+000  2.1150000e-002
  9.5600000e+000  3.9667000e-003
  9.5700000e+000 -8.9592000e-003
  9.5800000e+000 -1.5395000e-002
  9.5900000e+000 -1.4921000e-002
  9.6000000e+000 -8.2089000e-003
  9.6100000e+000  2.0133000e-003
  9.6200000e+000  1.0942000e-002
  9.6300000e+000  1.3844000e-002
  9.6400000e+000  9.7537000e-003
  9.6500000e+000  1.6599000e-003
  9.6600000e+000 -6.1813000e-003
  9.6700000e+000 -1.1601000e-002
  9.6800000e+000 -1.3451000e-002
  9.6900000e+000 -1.0824000e-002
  9.7000000e+000 -4.0734000e-003
  9.7100000e+000  3.7772000e-003
  9.7200000e+000  1.0313000e-002
  9.7300000e+000  1.6083000e-002
  9.7400000e+000  2.2470000e-002
  9.7500000e+000  2.8281000e-002
  9.7600000e+000  3.1056000e-002
  9.7700000e+000  3.0365000e-002
  9.7800000e+000  2.7372000e-002
  9.7900000e+000  2.2622000e-002
  9.8000000e+000  1.6023000e-002
  9.8100000e+000  8.2959000e-003
  9.8200000e+000  4.5717000e-004
  9.8300000e+000 -6.4053000e-003
  9.8400000e+000 -1.0030000e-002
  9.8500000e+000 -7.8261000e-003
  9.8600000e+000 -2.3212000e-004
  9.8700000e+000  8.7772000e-003
  9.8800000e+000  1.5570000e-002
  9.8900000e+000  1.9441000e-002
  9.9000000e+000  2.1416000e-002
  9.9100000e+000  2.2856000e-002
  9.9200000e+000  2.5609000e-002
  9.9300000e+000  3.0941000e-002
  9.9400000e+000  3.7444000e-002
  9.9500000e+000  4.1662000e-002
  9.9600000e+000  4.1331000e-002
  9.9700000e+000  3.6424000e-002
  9.9800000e+000  2.7449000e-002
  9.9900000e+000  1.5122000e-002
  1.0000000e+001  1.7893000e-003
  1.0010000e+001 -9.3621000e-003
  1.0020000e+001 -1.6873000e-002
  1.0030000e+001 -2.0759000e-002
  1.0040000e+001 -2.0506000e-002
  1.0050000e+001 -1.5871000e-002
  1.0060000e+001 -9.2899000e-003
  1.0070000e+001 -4.2577000e-003
  1.0080000e+001 -1.6764000e-003
  1.0090000e+001 -8.0441000e-005
  1.0100000e+001  8.7041000e-004
  1.0110000e+001  3.2574000e-004
  1.0120000e+001 -1.0165000e-003
  1.0130000e+001 -1.6907000e-003
  1.0140000e+001 -2.6261000e-003
  1.0150000e+001 -6.0767000e-003
  1.0160000e+001 -1.1539000e-002
  1.0170000e+001 -1.6356000e-002
  1.0180000e+001 -1.9639000e-002
  1.0190000e+001 -2.2510000e-002
  1.0200000e+001 -2.4981000e-002
  1.0210000e+001 -2.5988000e-002
  1.0220000e+001 -2.5947000e-002
  1.0230000e+001 -2.5958000e-002
  1.0240000e+001 -2.5199000e-002
  1.0250000e+001 -2.2143000e-002
  1.0260000e+001 -1.7746000e-002
  1.0270000e+001 -1.4189000e-002
  1.0280000e+001 -1.1245000e-002
  1.0290000e+001 -6.9769000e-003
  1.0300000e+001 -1.8359000e-003
  1.0310000e+001  7.3930000e-004
  1.0320000e+001 -1.6247000e-003
  1.0330000e+001 -7.6408000e-003
  1.0340000e+001 -1.4547000e-002
  1.0350000e+001 -2.0899000e-002
  1.0360000e+001 -2.5924000e-002
  1.0370000e+001 -2.7899000e-002
  1.0380000e+001 -2.5330000e-002
  1.0390000e+001 -1.8921000e-002
  1.0400000e+001 -1.0850000e-002
  1.0410000e+001 -2.6243000e-003
  1.0420000e+001  4.4638000e-003
  1.0430000e+001  7.8461000e-003
  1.0440000e+001  5.1200000e-003
  1.0450000e+001 -2.3435000e-003
  1.0460000e+001 -9.8753000e-003
  1.0470000e+001 -1.3639000e-002
  1.0480000e+001 -1.3087000e-002
  1.0490000e+001 -9.4167000e-003
  1.0500000e+001 -4.3507000e-003
  1.0510000e+001 -1.8922000e-004
  1.0520000e+001  7.4464000e-004
  1.0530000e+001 -2.0727000e-003
  1.0540000e+001 -7.3205000e-003
  1.0550000e+001 -1.3282000e-002
  1.0560000e+001 -1.8610000e-002
  1.0570000e+001 -2.1531000e-002
  1.0580000e+001 -2.0064000e-002
  1.0590000e+001 -1.3943000e-002
  1.0600000e+001 -5.7820000e-003
  1.0610000e+001  5.2468000e-004
  1.0620000e+001  3.1195000e-003
  1.0630000e+001  3.0955000e-003
  1.0640000e+001  2.4587000e-003
  1.0650000e+001  2.1553000e-003
  1.0660000e+001  2.8908000e-003
  1.0670000e+001  6.0277000e-003
  1.0680000e+001  1.1895000e-002
  1.0690000e+001  1.8381000e-002
  1.0700000e+001  2.2600000e-002
  1.0710000e+001  2.3818000e-002
  1.0720000e+001  2.2637000e-002
  1.0730000e+001  1.9188000e-002
  1.0740000e+001  1.3926000e-002
  1.0750000e+001  9.2663000e-003
  1.0760000e+001  7.3735000e-003
  1.0770000e+001  7.5497000e-003
  1.0780000e+001  7.9850000e-003
  1.0790000e+001  8.7777000e-003
  1.0800000e+001  1.0656000e-002
  1.0810000e+001  1.1569000e-002
  1.0820000e+001  8.4367000e-003
  1.0830000e+001  2.0279000e-003
  1.0840000e+001 -3.2370000e-003
  1.0850000e+001 -4.8263000e-003
  1.0860000e+001 -3.9841000e-003
  1.0870000e+001 -2.3992000e-003
  1.0880000e+001  2.7351000e-004
  1.0890000e+001  4.4316000e-003
  1.0900000e+001  8.7328000e-003
  1.0910000e+001  1.0920000e-002
  1.0920000e+001  9.9791000e-003
  1.0930000e+001  6.4688000e-003
  1.0940000e+001  2.0972000e-003
  1.0950000e+001 -1.1883000e-003
  1.0960000e+001 -2.1767000e-003
  1.0970000e+001 -7.2073000e-004
  1.0980000e+001  2.5951000e-003
  1.0990000e+001  6.6324000e-003
  1.1000000e+001  9.8448000e-003
  1.1010000e+001  1.1319000e-002
  1.1020000e+001  1.1364000e-002
  1.1030000e+001  1.0305000e-002
  1.1040000e+001  7.6421000e-003
  1.1050000e+001  3.5013000e-003
  1.1060000e+001  9.4475000e-005
  1.1070000e+001 -4.8023000e-005
  1.1080000e+001  3.2640000e-003
  1.1090000e+001  7.8714000e-003
  1.1100000e+001  1.1416000e-002
  1.1110000e+001  1.3022000e-002
  1.1120000e+001  1.3068000e-002
  1.1130000e+001  1.2601000e-002
  1.1140000e+001  1.2807000e-002
  1.1150000e+001  1.4591000e-002
  1.1160000e+001  1.7830000e-002
  1.1170000e+001  2.1295000e-002
  1.1180000e+001  2.3460000e-002
  1.1190000e+001  2.3524000e-002
  1.1200000e+001  2.1417000e-002
  1.1210000e+001  1.6779000e-002
  1.1220000e+001  9.3259000e-003
  1.1230000e+001  5.6208000e-004
  1.1240000e+001 -6.5114000e-003
  1.1250000e+001 -1.0372000e-002
  1.1260000e+001 -1.2451000e-002
  1.1270000e+001 -1.4396000e-002
  1.1280000e+001 -1.6109000e-002
  1.1290000e+001 -1.6800000e-002
  1.1300000e+001 -1.6950000e-002
  1.1310000e+001 -1.7207000e-002
  1.1320000e+001 -1.7630000e-002
  1.1330000e+001 -1.8119000e-002
  1.1340000e+001 -1.8775000e-002
  1.1350000e+001 -1.8768000e-002
  1.1360000e+001 -1.7011000e-002
  1.1370000e+001 -1.3937000e-002
  1.1380000e+001 -1.1322000e-002
  1.1390000e+001 -9.9967000e-003
  1.1400000e+001 -9.1004000e-003
  1.1410000e+001 -7.3569000e-003
  1.1420000e+001 -3.9295000e-003
  1.1430000e+001  1.1711000e-003
  1.1440000e+001  6.3088000e-003
  1.1450000e+001  8.5686000e-003
  1.1460000e+001  6.6726000e-003
  1.1470000e+001  2.6389000e-003
  1.1480000e+001 -8.8930000e-004
  1.1490000e+001 -3.7163000e-003
  1.1500000e+001 -6.8464000e-003
  1.1510000e+001 -9.6211000e-003
  1.1520000e+001 -1.0502000e-002
  1.1530000e+001 -9.7457000e-003
  1.1540000e+001 -9.3714000e-003
  1.1550000e+001 -1.0436000e-002
  1.1560000e+001 -1.1845000e-002
  1.1570000e+001 -1.1742000e-002
  1.1580000e+001 -9.0529000e-003
  1.1590000e+001 -3.5179000e-003
  1.1600000e+001  4.1798000e-003
  1.1610000e+001  1.2262000e-002
  1.1620000e+001  1.8638000e-002
  1.1630000e+001  2.2240000e-002
  1.1640000e+001  2.2561000e-002
  1.1650000e+001  1.8555000e-002
  1.1660000e+001  9.4450000e-003
  1.1670000e+001 -2.6921000e-003
  1.1680000e+001 -1.3235000e-002
  1.1690000e+001 -1.8892000e-002
  1.1700000e+001 -2.0200000e-002
  1.1710000e+001 -1.8941000e-002
  1.1720000e+001 -1.5657000e-002
  1.1730000e+001 -1.0695000e-002
  1.1740000e+001 -6.2244000e-003
  1.1750000e+001 -4.4720000e-003
  1.1760000e+001 -5.4220000e-003
  1.1770000e+001 -6.9156000e-003
  1.1780000e+001 -6.8885000e-003
  1.1790000e+001 -4.3830000e-003
  1.1800000e+001 -3.0957000e-004
  1.1810000e+001  2.5614000e-003
  1.1820000e+001  1.8910000e-003
  1.1830000e+001 -1.4311000e-003
  1.1840000e+001 -4.7894000e-003
  1.1850000e+001 -7.6898000e-003
  1.1860000e+001 -1.0931000e-002
  1.1870000e+001 -1.3233000e-002
  1.1880000e+001 -1.2180000e-002
  1.1890000e+001 -8.5113000e-003
  1.1900000e+001 -5.2148000e-003
  1.1910000e+001 -3.0589000e-003
  1.1920000e+001 -7.1397000e-004
  1.1930000e+001  1.3231000e-003
  1.1940000e+001  1.0481000e-003
  1.1950000e+001 -9.6227000e-004
  1.1960000e+001 -2.1888000e-003
  1.1970000e+001 -1.9972000e-003
  1.1980000e+001 -1.4504000e-003
  1.1990000e+001  4.7404000e-004
  1.2000000e+001  5.5748000e-003
  1.2010000e+001  1.2383000e-002
  1.2020000e+001  1.6953000e-002
  1.2030000e+001  1.7638000e-002
  1.2040000e+001  1.5105000e-002
  1.2050000e+001  9.4005000e-003
  1.2060000e+001  5.6898000e-004
  1.2070000e+001 -8.3075000e-003
  1.2080000e+001 -1.2475000e-002
  1.2090000e+001 -9.9183000e-003
  1.2100000e+001 -2.4084000e-003
  1.2110000e+001  7.5440000e-003
  1.2120000e+001  1.8345000e-002
  1.2130000e+001  2.8124000e-002
  1.2140000e+001  3.3742000e-002
  1.2150000e+001  3.2516000e-002
  1.2160000e+001  2.4146000e-002
  1.2170000e+001  1.1830000e-002
  1.2180000e+001  5.4913000e-004
  1.2190000e+001 -5.9767000e-003
  1.2200000e+001 -7.3305000e-003
  1.2210000e+001 -4.8247000e-003
  1.2220000e+001  2.2082000e-004
  1.2230000e+001  6.1499000e-003
  1.2240000e+001  1.0536000e-002
  1.2250000e+001  1.1426000e-002
  1.2260000e+001  9.0416000e-003
  1.2270000e+001  5.1493000e-003
  1.2280000e+001  1.6112000e-003
  1.2290000e+001 -8.0853000e-004
  1.2300000e+001 -2.3786000e-003
  1.2310000e+001 -3.8701000e-003
  1.2320000e+001 -5.2805000e-003
  1.2330000e+001 -5.8747000e-003
  1.2340000e+001 -5.5869000e-003
  1.2350000e+001 -5.6325000e-003
  1.2360000e+001 -7.1638000e-003
  1.2370000e+001 -1.0071000e-002
  1.2380000e+001 -1.3571000e-002
  1.2390000e+001 -1.6868000e-002
  1.2400000e+001 -1.9060000e-002
  1.2410000e+001 -1.9249000e-002
  1.2420000e+001 -1.7597000e-002
  1.2430000e+001 -1.4763000e-002
  1.2440000e+001 -1.0446000e-002
  1.2450000e+001 -3.6538000e-003
  1.2460000e+001  4.8627000e-003
  1.2470000e+001  1.2210000e-002
  1.2480000e+001  1.5736000e-002
  1.2490000e+001  1.5546000e-002
  1.2500000e+001  1.3950000e-002
  1.2510000e+001  1.2923000e-002
  1.2520000e+001  1.2425000e-002
  1.2530000e+001  1.1064000e-002
  1.2540000e+001  8.3836000e-003
  1.2550000e+001  5.7655000e-003
  1.2560000e+001  4.9069000e-003
  1.2570000e+001  5.4661000e-003
  1.2580000e+001  5.4204000e-003
  1.2590000e+001  3.1779000e-003
  1.2600000e+001 -1.0377000e-003
  1.2610000e+001 -5.7179000e-003
  1.2620000e+001 -9.1237000e-003
  1.2630000e+001 -9.2562000e-003
  1.2640000e+001 -4.2077000e-003
  1.2650000e+001  6.4443000e-003
  1.2660000e+001  1.9889000e-002
  1.2670000e+001  3.0949000e-002
  1.2680000e+001  3.4999000e-002
  1.2690000e+001  3.1077000e-002
  1.2700000e+001  2.1798000e-002
  1.2710000e+001  1.0839000e-002
  1.2720000e+001  1.2801000e-003
  1.2730000e+001 -4.1405000e-003
  1.2740000e+001 -3.8500000e-003
  1.2750000e+001  5.7845000e-004
  1.2760000e+001  4.9432000e-003
  1.2770000e+001  6.3818000e-003
  1.2780000e+001  5.5335000e-003
  1.2790000e+001  4.1248000e-003
  1.2800000e+001  1.9027000e-003
  1.2810000e+001 -1.9640000e-003
  1.2820000e+001 -6.5795000e-003
  1.2830000e+001 -1.0019000e-002
  1.2840000e+001 -1.1939000e-002
  1.2850000e+001 -1.3276000e-002
  1.2860000e+001 -1.4561000e-002
  1.2870000e+001 -1.5043000e-002
  1.2880000e+001 -1.3691000e-002
  1.2890000e+001 -9.8498000e-003
  1.2900000e+001 -4.0463000e-003
  1.2910000e+001  1.7610000e-003
  1.2920000e+001  4.8513000e-003
  1.2930000e+001  3.5599000e-003
  1.2940000e+001 -1.8418000e-003
  1.2950000e+001 -9.4907000e-003
  1.2960000e+001 -1.6964000e-002
  1.2970000e+001 -2.1887000e-002
  1.2980000e+001 -2.2716000e-002
  1.2990000e+001 -1.9149000e-002
  1.3000000e+001 -1.2404000e-002
  1.3010000e+001 -5.0529000e-003
  1.3020000e+001 -6.2301000e-004
  1.3030000e+001 -1.8442000e-003
  1.3040000e+001 -9.2268000e-003
  1.3050000e+001 -2.0666000e-002
  1.3060000e+001 -3.2426000e-002
  1.3070000e+001 -4.0431000e-002
  1.3080000e+001 -4.2209000e-002
  1.3090000e+001 -3.8003000e-002
  1.3100000e+001 -3.0137000e-002
  1.3110000e+001 -2.0821000e-002
  1.3120000e+001 -1.1217000e-002
  1.3130000e+001 -2.4393000e-003
  1.3140000e+001  3.9802000e-003
  1.3150000e+001  7.0479000e-003
  1.3160000e+001  7.1488000e-003
  1.3170000e+001  5.2393000e-003
  1.3180000e+001  2.1810000e-003
  1.3190000e+001 -1.2134000e-003
  1.3200000e+001 -3.8524000e-003
  1.3210000e+001 -5.2338000e-003
  1.3220000e+001 -6.2052000e-003
  1.3230000e+001 -7.9160000e-003
  1.3240000e+001 -1.0290000e-002
  1.3250000e+001 -1.1961000e-002
  1.3260000e+001 -1.2163000e-002
  1.3270000e+001 -1.1418000e-002
  1.3280000e+001 -1.0740000e-002
  1.3290000e+001 -1.0499000e-002
  1.3300000e+001 -1.1036000e-002
  1.3310000e+001 -1.2701000e-002
  1.3320000e+001 -1.4997000e-002
  1.3330000e+001 -1.6313000e-002
  1.3340000e+001 -1.5457000e-002
  1.3350000e+001 -1.2335000e-002
  1.3360000e+001 -7.1446000e-003
  1.3370000e+001  7.8903000e-005
  1.3380000e+001  8.5966000e-003
  1.3390000e+001  1.6740000e-002
  1.3400000e+001  2.3052000e-002
  1.3410000e+001  2.6620000e-002
  1.3420000e+001  2.6348000e-002
  1.3430000e+001  2.1295000e-002
  1.3440000e+001  1.2511000e-002
  1.3450000e+001  3.3235000e-003
  1.3460000e+001 -2.7417000e-003
  1.3470000e+001 -4.0841000e-003
  1.3480000e+001 -1.0965000e-003
  1.3490000e+001  4.6591000e-003
  1.3500000e+001  1.1265000e-002
  1.3510000e+001  1.7217000e-002
  1.3520000e+001  2.1813000e-002
  1.3530000e+001  2.4459000e-002
  1.3540000e+001  2.4302000e-002
  1.3550000e+001  2.1229000e-002
  1.3560000e+001  1.6774000e-002
  1.3570000e+001  1.3137000e-002
  1.3580000e+001  1.1332000e-002
  1.3590000e+001  1.0864000e-002
  1.3600000e+001  1.1446000e-002
  1.3610000e+001  1.3493000e-002
  1.3620000e+001  1.6739000e-002
  1.3630000e+001  1.9437000e-002
  1.3640000e+001  2.0115000e-002
  1.3650000e+001  1.8835000e-002
  1.3660000e+001  1.6297000e-002
  1.3670000e+001  1.2345000e-002
  1.3680000e+001  6.6975000e-003
  1.3690000e+001  4.4535000e-004
  1.3700000e+001 -4.4097000e-003
  1.3710000e+001 -6.8318000e-003
  1.3720000e+001 -6.6401000e-003
  1.3730000e+001 -3.4330000e-003
  1.3740000e+001  2.4278000e-003
  1.3750000e+001  8.4540000e-003
  1.3760000e+001  1.1772000e-002
  1.3770000e+001  1.2091000e-002
  1.3780000e+001  1.0927000e-002
  1.3790000e+001  8.9895000e-003
  1.3800000e+001  6.2131000e-003
  1.3810000e+001  4.0124000e-003
  1.3820000e+001  4.4152000e-003
  1.3830000e+001  7.3734000e-003
  1.3840000e+001  1.0630000e-002
  1.3850000e+001  1.2247000e-002
  1.3860000e+001  1.1355000e-002
  1.3870000e+001  7.8130000e-003
  1.3880000e+001  2.8031000e-003
  1.3890000e+001 -1.2804000e-003
  1.3900000e+001 -3.1311000e-003
  1.3910000e+001 -3.4188000e-003
  1.3920000e+001 -2.3951000e-003
  1.3930000e+001  7.3076000e-004
  1.3940000e+001  5.2036000e-003
  1.3950000e+001  7.6036000e-003
  1.3960000e+001  5.5208000e-003
  1.3970000e+001  1.6363000e-004
  1.3980000e+001 -5.5041000e-003
  1.3990000e+001 -9.8525000e-003
  1.4000000e+001 -1.2553000e-002
  1.4010000e+001 -1.3090000e-002
  1.4020000e+001 -1.0815000e-002
  1.4030000e+001 -5.7852000e-003
  1.4040000e+001  7.0917000e-004
  1.4050000e+001  6.8306000e-003
  1.4060000e+001  1.1077000e-002
  1.4070000e+001  1.3001000e-002
  1.4080000e+001  1.2243000e-002
  1.4090000e+001  7.9067000e-003
  1.4100000e+001 -2.9658000e-004
  1.4110000e+001 -1.0387000e-002
  1.4120000e+001 -1.9327000e-002
  1.4130000e+001 -2.5127000e-002
  1.4140000e+001 -2.7321000e-002
  1.4150000e+001 -2.5933000e-002
  1.4160000e+001 -2.1814000e-002
  1.4170000e+001 -1.6640000e-002
  1.4180000e+001 -1.2020000e-002
  1.4190000e+001 -8.4446000e-003
  1.4200000e+001 -6.3097000e-003
  1.4210000e+001 -6.2776000e-003
  1.4220000e+001 -7.7779000e-003
  1.4230000e+001 -8.1837000e-003
  1.4240000e+001 -5.6103000e-003
  1.4250000e+001 -1.3323000e-003
  1.4260000e+001  2.0712000e-003
  1.4270000e+001  3.5457000e-003
  1.4280000e+001  3.2317000e-003
  1.4290000e+001  6.1211000e-004
  1.4300000e+001 -4.8219000e-003
  1.4310000e+001 -1.1664000e-002
  1.4320000e+001 -1.6837000e-002
  1.4330000e+001 -1.8276000e-002
  1.4340000e+001 -1.6190000e-002
  1.4350000e+001 -1.1801000e-002
  1.4360000e+001 -6.5162000e-003
  1.4370000e+001 -2.1802000e-003
  1.4380000e+001 -3.9557000e-004
  1.4390000e+001 -7.0482000e-004
  1.4400000e+001 -9.2248000e-004
  1.4410000e+001  6.6883000e-004
  1.4420000e+001  3.6065000e-003
  1.4430000e+001  6.3911000e-003
  1.4440000e+001  8.2397000e-003
  1.4450000e+001  9.4326000e-003
  1.4460000e+001  1.0171000e-002
  1.4470000e+001  1.0395000e-002
  1.4480000e+001  1.0138000e-002
  1.4490000e+001  9.5646000e-003
  1.4500000e+001  8.9751000e-003
  1.4510000e+001  8.8734000e-003
  1.4520000e+001  9.2985000e-003
  1.4530000e+001  9.2637000e-003
  1.4540000e+001  7.7772000e-003
  1.4550000e+001  5.1159000e-003
  1.4560000e+001  2.0455000e-003
  1.4570000e+001 -1.5438000e-003
  1.4580000e+001 -5.8297000e-003
  1.4590000e+001 -9.1571000e-003
  1.4600000e+001 -9.1441000e-003
  1.4610000e+001 -5.4301000e-003
  1.4620000e+001  3.7878000e-004
  1.4630000e+001  7.0990000e-003
  1.4640000e+001  1.3705000e-002
  1.4650000e+001  1.7610000e-002
  1.4660000e+001  1.6583000e-002
  1.4670000e+001  1.2293000e-002
  1.4680000e+001  8.7162000e-003
  1.4690000e+001  7.5203000e-003
  1.4700000e+001  7.5900000e-003
  1.4710000e+001  8.4812000e-003
  1.4720000e+001  1.0963000e-002
  1.4730000e+001  1.4514000e-002
  1.4740000e+001  1.6760000e-002
  1.4750000e+001  1.6302000e-002
  1.4760000e+001  1.3496000e-002
  1.4770000e+001  8.9854000e-003
  1.4780000e+001  3.5577000e-003
  1.4790000e+001 -4.5124000e-004
  1.4800000e+001 -1.0863000e-003
  1.4810000e+001  7.9472000e-004
  1.4820000e+001  2.4877000e-003
  1.4830000e+001  2.6833000e-003
  1.4840000e+001  1.6104000e-003
  1.4850000e+001 -9.4514000e-004
  1.4860000e+001 -5.8481000e-003
  1.4870000e+001 -1.2289000e-002
  1.4880000e+001 -1.7093000e-002
  1.4890000e+001 -1.7423000e-002
  1.4900000e+001 -1.2997000e-002
  1.4910000e+001 -5.6537000e-003
  1.4920000e+001  2.2385000e-003
  1.4930000e+001  8.6011000e-003
  1.4940000e+001  1.2192000e-002
  1.4950000e+001  1.2928000e-002
  1.4960000e+001  1.1552000e-002
  1.4970000e+001  8.8776000e-003
  1.4980000e+001  5.8187000e-003
  1.4990000e+001  3.8658000e-003
  1.5000000e+001  4.3985000e-003
  1.5010000e+001  7.0541000e-003
  1.5020000e+001  9.9671000e-003
  1.5030000e+001  1.1600000e-002
  1.5040000e+001  1.1911000e-002
  1.5050000e+001  1.1677000e-002
  1.5060000e+001  1.1562000e-002
  1.5070000e+001  1.1704000e-002
  1.5080000e+001  1.1680000e-002
  1.5090000e+001  1.0386000e-002
  1.5100000e+001  6.7011000e-003
  1.5110000e+001  8.0139000e-004
  1.5120000e+001 -5.2307000e-003
  1.5130000e+001 -8.7482000e-003
  1.5140000e+001 -8.5630000e-003
  1.5150000e+001 -5.9552000e-003
  1.5160000e+001 -3.1534000e-003
  1.5170000e+001 -1.1755000e-003
  1.5180000e+001  3.4714000e-004
  1.5190000e+001  1.1596000e-003
  1.5200000e+001  4.1249000e-004
  1.5210000e+001 -1.5607000e-003
  1.5220000e+001 -2.5684000e-003
  1.5230000e+001 -6.4027000e-004
  1.5240000e+001  4.3112000e-003
  1.5250000e+001  1.0665000e-002
  1.5260000e+001  1.5957000e-002
  1.5270000e+001  1.8078000e-002
  1.5280000e+001  1.6331000e-002
  1.5290000e+001  1.1978000e-002
  1.5300000e+001  6.3450000e-003
  1.5310000e+001  1.4517000e-004
  1.5320000e+001 -5.8312000e-003
  1.5330000e+001 -9.6873000e-003
  1.5340000e+001 -1.0495000e-002
  1.5350000e+001 -9.4235000e-003
  1.5360000e+001 -8.6201000e-003
  1.5370000e+001 -8.7447000e-003
  1.5380000e+001 -9.2676000e-003
  1.5390000e+001 -9.5725000e-003
  1.5400000e+001 -9.4367000e-003
  1.5410000e+001 -8.5102000e-003
  1.5420000e+001 -6.6428000e-003
  1.5430000e+001 -3.9686000e-003
  1.5440000e+001 -7.6157000e-004
  1.5450000e+001  2.7814000e-003
  1.5460000e+001  6.0606000e-003
  1.5470000e+001  7.9485000e-003
  1.5480000e+001  7.3891000e-003
  1.5490000e+001  4.5218000e-003
  1.5500000e+001  6.1288000e-004
  1.5510000e+001 -3.1465000e-003
  1.5520000e+001 -6.2655000e-003
  1.5530000e+001 -8.3951000e-003
  1.5540000e+001 -9.2360000e-003
  1.5550000e+001 -9.3801000e-003
  1.5560000e+001 -1.0207000e-002
  1.5570000e+001 -1.2036000e-002
  1.5580000e+001 -1.3424000e-002
  1.5590000e+001 -1.3697000e-002
  1.5600000e+001 -1.4567000e-002
  1.5610000e+001 -1.7582000e-002
  1.5620000e+001 -2.1214000e-002
  1.5630000e+001 -2.2733000e-002
  1.5640000e+001 -2.1448000e-002
  1.5650000e+001 -1.8593000e-002
  1.5660000e+001 -1.4832000e-002
  1.5670000e+001 -1.0082000e-002
  1.5680000e+001 -5.1737000e-003
  1.5690000e+001 -1.7842000e-003
  1.5700000e+001 -8.4131000e-004
  1.5710000e+001 -1.9609000e-003
  1.5720000e+001 -4.1194000e-003
  1.5730000e+001 -6.0989000e-003
  1.5740000e+001 -7.6732000e-003
  1.5750000e+001 -1.0329000e-002
  1.5760000e+001 -1.5424000e-002
  1.5770000e+001 -2.1471000e-002
  1.5780000e+001 -2.5081000e-002
  1.5790000e+001 -2.4570000e-002
  1.5800000e+001 -2.1116000e-002
  1.5810000e+001 -1.6516000e-002
  1.5820000e+001 -1.1469000e-002
  1.5830000e+001 -6.3453000e-003
  1.5840000e+001 -1.6393000e-003
  1.5850000e+001  2.1992000e-003
  1.5860000e+001  4.5425000e-003
  1.5870000e+001  4.6005000e-003
  1.5880000e+001  3.2705000e-003
  1.5890000e+001  2.9799000e-003
  1.5900000e+001  4.7729000e-003
  1.5910000e+001  7.2736000e-003
  1.5920000e+001  9.5425000e-003
  1.5930000e+001  1.2205000e-002
  1.5940000e+001  1.4893000e-002
  1.5950000e+001  1.5594000e-002
  1.5960000e+001  1.3646000e-002
  1.5970000e+001  1.0744000e-002
  1.5980000e+001  7.5103000e-003
  1.5990000e+001  2.9462000e-003
  1.6000000e+001 -2.2740000e-003
  1.6010000e+001 -5.2123000e-003
  1.6020000e+001 -5.1536000e-003
  1.6030000e+001 -4.1706000e-003
  1.6040000e+001 -3.4615000e-003
  1.6050000e+001 -2.0216000e-003
  1.6060000e+001  2.1306000e-004
  1.6070000e+001  1.9220000e-003
  1.6080000e+001  3.0286000e-003
  1.6090000e+001  4.6545000e-003
  1.6100000e+001  5.9261000e-003
  1.6110000e+001  4.3674000e-003
  1.6120000e+001 -3.1872000e-004
  1.6130000e+001 -5.4028000e-003
  1.6140000e+001 -8.1589000e-003
  1.6150000e+001 -7.9492000e-003
  1.6160000e+001 -5.9340000e-003
  1.6170000e+001 -3.8556000e-003
  1.6180000e+001 -2.8348000e-003
  1.6190000e+001 -2.9118000e-003
  1.6200000e+001 -3.7958000e-003
  1.6210000e+001 -5.2666000e-003
  1.6220000e+001 -6.3184000e-003
  1.6230000e+001 -5.1158000e-003
  1.6240000e+001 -1.3845000e-003
  1.6250000e+001  2.6780000e-003
  1.6260000e+001  5.2782000e-003
  1.6270000e+001  7.0652000e-003
  1.6280000e+001  8.9024000e-003
  1.6290000e+001  9.8789000e-003
  1.6300000e+001  9.6762000e-003
  1.6310000e+001  9.9789000e-003
  1.6320000e+001  1.1986000e-002
  1.6330000e+001  1.4034000e-002
  1.6340000e+001  1.3076000e-002
  1.6350000e+001  7.3512000e-003
  1.6360000e+001 -2.4171000e-003
  1.6370000e+001 -1.3016000e-002
  1.6380000e+001 -2.0509000e-002
  1.6390000e+001 -2.2291000e-002
  1.6400000e+001 -1.8041000e-002
  1.6410000e+001 -9.1383000e-003
  1.6420000e+001  3.3063000e-004
  1.6430000e+001  3.6856000e-003
  1.6440000e+001 -3.4077000e-003
  1.6450000e+001 -1.7655000e-002
  1.6460000e+001 -3.1749000e-002
  1.6470000e+001 -4.1331000e-002
  1.6480000e+001 -4.4377000e-002
  1.6490000e+001 -3.6575000e-002
  1.6500000e+001 -1.6101000e-002
  1.6510000e+001  8.5971000e-003
  1.6520000e+001  2.3162000e-002
  1.6530000e+001  2.1702000e-002
  1.6540000e+001  1.0568000e-002
  1.6550000e+001 -9.5038000e-004
  1.6560000e+001 -8.0084000e-003
  1.6570000e+001 -7.9922000e-003
  1.6580000e+001  8.6552000e-004
  1.6590000e+001  1.5382000e-002
  1.6600000e+001  2.6558000e-002
  1.6610000e+001  2.6383000e-002
  1.6620000e+001  1.4247000e-002
  1.6630000e+001 -4.6235000e-003
  1.6640000e+001 -2.3579000e-002
  1.6650000e+001 -3.6258000e-002
  1.6660000e+001 -3.6816000e-002
  1.6670000e+001 -2.2961000e-002
  1.6680000e+001  9.2866000e-004
  1.6690000e+001  2.5361000e-002
  1.6700000e+001  4.0977000e-002
  1.6710000e+001  4.2717000e-002
  1.6720000e+001  3.1212000e-002
  1.6730000e+001  1.2063000e-002
  1.6740000e+001 -6.9648000e-003
  1.6750000e+001 -1.9967000e-002
  1.6760000e+001 -2.3742000e-002
  1.6770000e+001 -1.6521000e-002
  1.6780000e+001  1.5926000e-003
  1.6790000e+001  2.5945000e-002
  1.6800000e+001  4.9186000e-002
  1.6810000e+001  6.4892000e-002
  1.6820000e+001  6.8043000e-002
  1.6830000e+001  5.4059000e-002
  1.6840000e+001  2.2994000e-002
  1.6850000e+001 -1.6229000e-002
  1.6860000e+001 -4.9435000e-002
  1.6870000e+001 -6.5757000e-002
  1.6880000e+001 -6.0933000e-002
  1.6890000e+001 -3.6944000e-002
  1.6900000e+001 -2.8814000e-003
  1.6910000e+001  2.6404000e-002
  1.6920000e+001  3.9650000e-002
  1.6930000e+001  3.5984000e-002
  1.6940000e+001  2.2293000e-002
  1.6950000e+001  6.2584000e-003
  1.6960000e+001 -5.6778000e-003
  1.6970000e+001 -9.0246000e-003
  1.6980000e+001 -3.3007000e-003
  1.6990000e+001  7.0986000e-003
  1.7000000e+001  1.6307000e-002
  1.7010000e+001  2.0010000e-002
  1.7020000e+001  1.6225000e-002
  1.7030000e+001  5.6574000e-003
  1.7040000e+001 -7.6749000e-003
  1.7050000e+001 -1.8480000e-002
  1.7060000e+001 -2.2569000e-002
  1.7070000e+001 -1.7453000e-002
  1.7080000e+001 -3.2859000e-003
  1.7090000e+001  1.4441000e-002
  1.7100000e+001  2.5955000e-002
  1.7110000e+001  2.3823000e-002
  1.7120000e+001  8.5724000e-003
  1.7130000e+001 -1.2392000e-002
  1.7140000e+001 -2.9199000e-002
  1.7150000e+001 -3.3745000e-002
  1.7160000e+001 -2.3307000e-002
  1.7170000e+001 -3.2070000e-003
  1.7180000e+001  1.5943000e-002
  1.7190000e+001  2.5285000e-002
  1.7200000e+001  2.2531000e-002
  1.7210000e+001  1.0638000e-002
  1.7220000e+001 -5.1344000e-003
  1.7230000e+001 -1.8328000e-002
  1.7240000e+001 -2.3053000e-002
  1.7250000e+001 -1.7180000e-002
  1.7260000e+001 -3.3529000e-003
  1.7270000e+001  1.3218000e-002
  1.7280000e+001  2.6722000e-002
  1.7290000e+001  3.1762000e-002
  1.7300000e+001  2.5578000e-002
  1.7310000e+001  1.0599000e-002
  1.7320000e+001 -6.6353000e-003
  1.7330000e+001 -1.9837000e-002
  1.7340000e+001 -2.6040000e-002
  1.7350000e+001 -2.5308000e-002
  1.7360000e+001 -1.9612000e-002
  1.7370000e+001 -1.2309000e-002
  1.7380000e+001 -6.5752000e-003
  1.7390000e+001 -3.3929000e-003
  1.7400000e+001 -1.4264000e-003
  1.7410000e+001  1.2306000e-003
  1.7420000e+001  6.0014000e-003
  1.7430000e+001  1.3034000e-002
  1.7440000e+001  2.0225000e-002
  1.7450000e+001  2.3927000e-002
  1.7460000e+001  2.1684000e-002
  1.7470000e+001  1.4225000e-002
  1.7480000e+001  4.4146000e-003
  1.7490000e+001 -4.9397000e-003
  1.7500000e+001 -1.1913000e-002
  1.7510000e+001 -1.4509000e-002
  1.7520000e+001 -1.1047000e-002
  1.7530000e+001 -2.0178000e-003
  1.7540000e+001  9.0816000e-003
  1.7550000e+001  1.7636000e-002
  1.7560000e+001  2.0354000e-002
  1.7570000e+001  1.6594000e-002
  1.7580000e+001  8.3501000e-003
  1.7590000e+001 -8.7673000e-004
  1.7600000e+001 -8.0487000e-003
  1.7610000e+001 -1.1861000e-002
  1.7620000e+001 -1.2049000e-002
  1.7630000e+001 -8.1448000e-003
  1.7640000e+001 -6.4111000e-004
  1.7650000e+001  6.9768000e-003
  1.7660000e+001  9.7458000e-003
  1.7670000e+001  6.1541000e-003
  1.7680000e+001 -5.6741000e-004
  1.7690000e+001 -6.2827000e-003
  1.7700000e+001 -9.4148000e-003
  1.7710000e+001 -1.0112000e-002
  1.7720000e+001 -8.3170000e-003
  1.7730000e+001 -4.1817000e-003
  1.7740000e+001  6.5110000e-004
  1.7750000e+001  3.4944000e-003
  1.7760000e+001  2.7474000e-003
  1.7770000e+001 -8.8174000e-004
  1.7780000e+001 -4.4071000e-003
  1.7790000e+001 -4.7868000e-003
  1.7800000e+001 -1.8274000e-003
  1.7810000e+001  1.4893000e-003
  1.7820000e+001  2.7937000e-003
  1.7830000e+001  2.7505000e-003
  1.7840000e+001  2.7330000e-003
  1.7850000e+001  1.9581000e-003
  1.7860000e+001 -7.3035000e-004
  1.7870000e+001 -3.8188000e-003
  1.7880000e+001 -4.5671000e-003
  1.7890000e+001 -2.7178000e-003
  1.7900000e+001 -2.0502000e-004
  1.7910000e+001  1.8188000e-003
  1.7920000e+001  3.1446000e-003
  1.7930000e+001  2.6891000e-003
  1.7940000e+001  2.2626000e-005
  1.7950000e+001 -2.4961000e-003
  1.7960000e+001 -2.0646000e-003
  1.7970000e+001  7.4580000e-004
  1.7980000e+001  3.4595000e-003
  1.7990000e+001  5.5066000e-003
  1.8000000e+001  7.8195000e-003
  1.8010000e+001  9.8237000e-003
  1.8020000e+001  9.8177000e-003
  1.8030000e+001  7.8663000e-003
  1.8040000e+001  5.9264000e-003
  1.8050000e+001  5.7279000e-003
  1.8060000e+001  7.9648000e-003
  1.8070000e+001  1.2786000e-002
  1.8080000e+001  1.8910000e-002
  1.8090000e+001  2.3309000e-002
  1.8100000e+001  2.3248000e-002
  1.8110000e+001  1.8908000e-002
  1.8120000e+001  1.3037000e-002
  1.8130000e+001  8.1831000e-003
  1.8140000e+001  4.8869000e-003
  1.8150000e+001  2.7981000e-003
  1.8160000e+001  2.6618000e-003
