  0.0000000e+000  6.7064000e-001
  4.0000000e-002  7.1600000e-001
  4.0800000e-002  7.1500000e-001
  4.1700000e-002  7.1700000e-001
  4.2600000e-002  7.2200000e-001
  4.3500000e-002  7.2400000e-001
  4.4400000e-002  7.2400000e-001
  4.5500000e-002  7.2600000e-001
  4.6500000e-002  7.3300000e-001
  4.7600000e-002  7.3800000e-001
  4.8800000e-002  7.4000000e-001
  5.0000000e-002  7.4200000e-001
  5.1300000e-002  7.5100000e-001
  5.2600000e-002  7.6200000e-001
  5.4100000e-002  7.6700000e-001
  5.5600000e-002  7.6800000e-001
  5.7100000e-002  7.7300000e-001
  5.8800000e-002  7.7400000e-001
  6.0600000e-002  7.7600000e-001
  6.2500000e-002  7.6700000e-001
  6.4500000e-002  7.4900000e-001
  6.6700000e-002  7.4300000e-001
  6.7800000e-002  7.4500000e-001
  6.9000000e-002  7.5300000e-001
  7.0200000e-002  7.6700000e-001
  7.1400000e-002  7.8200000e-001
  7.2700000e-002  7.9600000e-001
  7.4100000e-002  7.9900000e-001
  7.5500000e-002  7.9300000e-001
  7.6900000e-002  8.0000000e-001
  7.8400000e-002  8.2100000e-001
  8.0000000e-002  8.4800000e-001
  8.1600000e-002  8.6500000e-001
  8.3300000e-002  8.5600000e-001
  8.5100000e-002  8.3400000e-001
  8.7000000e-002  8.0600000e-001
  8.8900000e-002  7.5300000e-001
  9.0900000e-002  7.6700000e-001
  9.3000000e-002  8.5900000e-001
  9.5200000e-002  9.6600000e-001
  9.7600000e-002  1.0400000e+000
  1.0000000e-001  1.0700000e+000
  1.0200000e-001  1.0700000e+000
  1.0400000e-001  1.0800000e+000
  1.0600000e-001  1.0500000e+000
  1.0900000e-001  9.8400000e-001
  1.1100000e-001  8.9700000e-001
  1.1400000e-001  8.9700000e-001
  1.1600000e-001  9.2900000e-001
  1.1900000e-001  8.9000000e-001
  1.2200000e-001  9.5200000e-001
  1.2500000e-001  1.0100000e+000
  1.2800000e-001  1.0800000e+000
  1.3200000e-001  1.1400000e+000
  1.3500000e-001  1.1900000e+000
  1.3900000e-001  1.2100000e+000
  1.4300000e-001  1.2600000e+000
  1.4700000e-001  1.3800000e+000
  1.5200000e-001  1.5700000e+000
  1.5600000e-001  1.6300000e+000
  1.6100000e-001  1.6700000e+000
  1.6700000e-001  1.6900000e+000
  1.7200000e-001  1.6700000e+000
  1.7900000e-001  1.6600000e+000
  1.8500000e-001  1.8300000e+000
  1.9200000e-001  1.7000000e+000
  2.0000000e-001  1.4800000e+000
  2.0400000e-001  1.4600000e+000
  2.0800000e-001  1.4700000e+000
  2.1300000e-001  1.5700000e+000
  2.1700000e-001  1.7400000e+000
  2.2200000e-001  1.7800000e+000
  2.2700000e-001  1.6800000e+000
  2.3300000e-001  1.4700000e+000
  2.3800000e-001  1.3600000e+000
  2.4400000e-001  1.3900000e+000
  2.5000000e-001  1.4300000e+000
  2.5600000e-001  1.4500000e+000
  2.6300000e-001  1.4100000e+000
  2.7000000e-001  1.2800000e+000
  2.7800000e-001  1.2600000e+000
  2.8600000e-001  1.2800000e+000
  2.9400000e-001  1.1700000e+000
  3.0300000e-001  9.3300000e-001
  3.1200000e-001  9.2100000e-001
  3.2300000e-001  9.3700000e-001
  3.3300000e-001  9.9300000e-001
  3.4500000e-001  1.0900000e+000
  3.5700000e-001  1.1200000e+000
  3.7000000e-001  1.0700000e+000
  3.8500000e-001  9.4000000e-001
  4.0000000e-001  9.3000000e-001
  4.1700000e-001  9.0900000e-001
  4.3500000e-001  8.4700000e-001
  4.5500000e-001  8.9000000e-001
  4.7600000e-001  9.4000000e-001
  5.0000000e-001  7.5900000e-001
  5.2600000e-001  5.7500000e-001
  5.5600000e-001  5.9000000e-001
  5.8800000e-001  7.0300000e-001
  6.2500000e-001  7.7200000e-001
  6.6700000e-001  7.4600000e-001
  7.1400000e-001  6.4900000e-001
  7.6900000e-001  6.3200000e-001
  8.3300000e-001  6.3300000e-001
  9.0900000e-001  5.1600000e-001
  1.0000000e+000  5.6000000e-001
  1.0500000e+000  5.7600000e-001
  1.1100000e+000  4.1000000e-001
  1.1800000e+000  3.3900000e-001
  1.2500000e+000  2.8000000e-001
  1.3300000e+000  3.0800000e-001
  1.4300000e+000  2.8000000e-001
  1.5400000e+000  2.3900000e-001
  1.6700000e+000  2.6000000e-001
  1.8200000e+000  2.4100000e-001
  2.0000000e+000  1.7900000e-001
  2.2200000e+000  9.2000000e-002
  2.5000000e+000  6.6600000e-002
  2.8600000e+000  5.3100000e-002
  3.3300000e+000  5.6400000e-002
  4.0000000e+000  3.3200000e-002
