  0.0000000e+000  1.9828000e-001
  4.0000000e-002  2.2300000e-001
  4.0800000e-002  2.2300000e-001
  4.1700000e-002  2.2200000e-001
  4.2600000e-002  2.2100000e-001
  4.3500000e-002  2.2300000e-001
  4.4400000e-002  2.2900000e-001
  4.5500000e-002  2.3600000e-001
  4.6500000e-002  2.4200000e-001
  4.7600000e-002  2.4500000e-001
  4.8800000e-002  2.4700000e-001
  5.0000000e-002  2.4800000e-001
  5.1300000e-002  2.4900000e-001
  5.2600000e-002  2.5100000e-001
  5.4100000e-002  2.5200000e-001
  5.5600000e-002  2.4800000e-001
  5.7100000e-002  2.4100000e-001
  5.8800000e-002  2.3400000e-001
  6.0600000e-002  2.3700000e-001
  6.2500000e-002  2.4600000e-001
  6.4500000e-002  2.7100000e-001
  6.6700000e-002  2.8800000e-001
  6.7800000e-002  2.9300000e-001
  6.9000000e-002  2.9500000e-001
  7.0200000e-002  2.9000000e-001
  7.1400000e-002  3.0200000e-001
  7.2700000e-002  3.2600000e-001
  7.4100000e-002  3.4500000e-001
  7.5500000e-002  3.6300000e-001
  7.6900000e-002  3.7700000e-001
  7.8400000e-002  3.8600000e-001
  8.0000000e-002  3.9500000e-001
  8.1600000e-002  4.2800000e-001
  8.3300000e-002  4.6300000e-001
  8.5100000e-002  5.0700000e-001
  8.7000000e-002  5.6100000e-001
  8.8900000e-002  6.0800000e-001
  9.0900000e-002  6.5800000e-001
  9.3000000e-002  6.9700000e-001
  9.5200000e-002  7.2900000e-001
  9.7600000e-002  7.2300000e-001
  1.0000000e-001  6.8000000e-001
  1.0200000e-001  6.8900000e-001
  1.0400000e-001  6.8100000e-001
  1.0600000e-001  6.4900000e-001
  1.0900000e-001  5.9800000e-001
  1.1100000e-001  6.3400000e-001
  1.1400000e-001  5.9900000e-001
  1.1600000e-001  5.9000000e-001
  1.1900000e-001  5.6300000e-001
  1.2200000e-001  6.2100000e-001
  1.2500000e-001  6.8400000e-001
  1.2800000e-001  6.6700000e-001
  1.3200000e-001  6.1300000e-001
  1.3500000e-001  5.6800000e-001
  1.3900000e-001  5.5000000e-001
  1.4300000e-001  5.9000000e-001
  1.4700000e-001  6.0800000e-001
  1.5200000e-001  5.8700000e-001
  1.5600000e-001  5.2200000e-001
  1.6100000e-001  4.3700000e-001
  1.6700000e-001  4.3900000e-001
  1.7200000e-001  4.3200000e-001
  1.7900000e-001  4.4400000e-001
  1.8500000e-001  4.6900000e-001
  1.9200000e-001  4.4400000e-001
  2.0000000e-001  4.8600000e-001
  2.0400000e-001  5.0700000e-001
  2.0800000e-001  5.1200000e-001
  2.1300000e-001  5.0800000e-001
  2.1700000e-001  4.8500000e-001
  2.2200000e-001  4.5200000e-001
  2.2700000e-001  4.1600000e-001
  2.3300000e-001  3.9000000e-001
  2.3800000e-001  3.7000000e-001
  2.4400000e-001  3.5300000e-001
  2.5000000e-001  3.4600000e-001
  2.5600000e-001  3.4000000e-001
  2.6300000e-001  3.3400000e-001
  2.7000000e-001  3.2700000e-001
  2.7800000e-001  3.0600000e-001
  2.8600000e-001  2.7000000e-001
  2.9400000e-001  2.8900000e-001
  3.0300000e-001  3.0500000e-001
  3.1200000e-001  3.1800000e-001
  3.2300000e-001  3.2200000e-001
  3.3300000e-001  3.1900000e-001
  3.4500000e-001  3.5500000e-001
  3.5700000e-001  3.7100000e-001
  3.7000000e-001  3.5600000e-001
  3.8500000e-001  3.0900000e-001
  4.0000000e-001  2.7900000e-001
  4.1700000e-001  2.7300000e-001
  4.3500000e-001  2.6500000e-001
  4.5500000e-001  2.5100000e-001
  4.7600000e-001  2.3300000e-001
  5.0000000e-001  2.1400000e-001
  5.2600000e-001  1.9500000e-001
  5.5600000e-001  1.7900000e-001
  5.8800000e-001  1.8000000e-001
  6.2500000e-001  1.9900000e-001
  6.6700000e-001  2.0500000e-001
  7.1400000e-001  2.1200000e-001
  7.6900000e-001  1.8600000e-001
  8.3300000e-001  1.5800000e-001
  9.0900000e-001  1.5900000e-001
  1.0000000e+000  1.4600000e-001
  1.0500000e+000  1.3600000e-001
  1.1100000e+000  1.2400000e-001
  1.1800000e+000  1.0900000e-001
  1.2500000e+000  9.8300000e-002
  1.3300000e+000  8.4200000e-002
  1.4300000e+000  7.8600000e-002
  1.5400000e+000  6.9700000e-002
  1.6700000e+000  5.8400000e-002
  1.8200000e+000  5.0600000e-002
  2.0000000e+000  4.1100000e-002
  2.2200000e+000  3.1500000e-002
  2.5000000e+000  2.6100000e-002
  2.8600000e+000  1.8200000e-002
  3.3300000e+000  1.1400000e-002
  4.0000000e+000  7.9200000e-003
