  0.0000000e+000 -9.3102000e-004
  1.0000000e-002 -2.5407000e-003
  2.0000000e-002 -3.8302000e-003
  3.0000000e-002 -3.3296000e-003
  4.0000000e-002 -1.6102000e-003
  5.0000000e-002 -2.8743000e-005
  6.0000000e-002 -4.1543000e-004
  7.0000000e-002 -2.5739000e-003
  8.0000000e-002 -4.3096000e-003
  9.0000000e-002 -3.2728000e-003
  1.0000000e-001  4.8088000e-004
  1.1000000e-001  4.5111000e-003
  1.2000000e-001  6.7831000e-003
  1.3000000e-001  7.4369000e-003
  1.4000000e-001  7.5085000e-003
  1.5000000e-001  6.6683000e-003
  1.6000000e-001  3.3253000e-003
  1.7000000e-001 -2.9420000e-003
  1.8000000e-001 -9.5237000e-003
  1.9000000e-001 -1.2094000e-002
  2.0000000e-001 -8.6029000e-003
  2.1000000e-001 -1.9922000e-003
  2.2000000e-001  3.0334000e-003
  2.3000000e-001  5.2606000e-003
  2.4000000e-001  6.6041000e-003
  2.5000000e-001  7.1698000e-003
  2.6000000e-001  4.7059000e-003
  2.7000000e-001 -8.8739000e-004
  2.8000000e-001 -6.1749000e-003
  2.9000000e-001 -8.2592000e-003
  3.0000000e-001 -7.3644000e-003
  3.1000000e-001 -4.7825000e-003
  3.2000000e-001 -1.5095000e-003
  3.3000000e-001  7.9836000e-004
  3.4000000e-001  1.1105000e-004
  3.5000000e-001 -3.6084000e-003
  3.6000000e-001 -7.8148000e-003
  3.7000000e-001 -9.7053000e-003
  3.8000000e-001 -8.4023000e-003
  3.9000000e-001 -4.7366000e-003
  4.0000000e-001  3.5856000e-004
  4.1000000e-001  5.7588000e-003
  4.2000000e-001  9.3721000e-003
  4.3000000e-001  8.7190000e-003
  4.4000000e-001  3.4085000e-003
  4.5000000e-001 -4.3569000e-003
  4.6000000e-001 -1.1776000e-002
  4.7000000e-001 -1.6972000e-002
  4.8000000e-001 -1.7729000e-002
  4.9000000e-001 -1.1744000e-002
  5.0000000e-001  1.7178000e-004
  5.1000000e-001  1.3085000e-002
  5.2000000e-001  2.2618000e-002
  5.3000000e-001  2.8170000e-002
  5.4000000e-001  2.8901000e-002
  5.5000000e-001  2.0350000e-002
  5.6000000e-001  1.4394000e-003
  5.7000000e-001 -1.7350000e-002
  5.8000000e-001 -2.0445000e-002
  5.9000000e-001 -4.7604000e-003
  6.0000000e-001  1.5885000e-002
  6.1000000e-001  2.6385000e-002
  6.2000000e-001  2.5946000e-002
  6.3000000e-001  2.2842000e-002
  6.4000000e-001  2.0586000e-002
  6.5000000e-001  1.5194000e-002
  6.6000000e-001  4.1909000e-003
  6.7000000e-001 -8.0570000e-003
  6.8000000e-001 -1.3215000e-002
  6.9000000e-001 -5.8705000e-003
  7.0000000e-001  1.0655000e-002
  7.1000000e-001  2.4969000e-002
  7.2000000e-001  2.8729000e-002
  7.3000000e-001  2.6919000e-002
  7.4000000e-001  3.0256000e-002
  7.5000000e-001  3.6766000e-002
  7.6000000e-001  3.1089000e-002
  7.7000000e-001  6.6081000e-003
  7.8000000e-001 -2.1382000e-002
  7.9000000e-001 -3.0400000e-002
  8.0000000e-001 -1.4261000e-002
  8.1000000e-001  1.3034000e-002
  8.2000000e-001  3.0736000e-002
  8.3000000e-001  2.7781000e-002
  8.4000000e-001  9.0777000e-003
  8.5000000e-001 -1.0111000e-002
  8.6000000e-001 -1.9524000e-002
  8.7000000e-001 -2.1798000e-002
  8.8000000e-001 -2.3601000e-002
  8.9000000e-001 -2.2860000e-002
  9.0000000e-001 -1.3083000e-002
  9.1000000e-001  3.7266000e-003
  9.2000000e-001  1.7712000e-002
  9.3000000e-001  2.3447000e-002
  9.4000000e-001  2.2537000e-002
  9.5000000e-001  1.5169000e-002
  9.6000000e-001 -5.4407000e-004
  9.7000000e-001 -1.9622000e-002
  9.8000000e-001 -2.9665000e-002
  9.9000000e-001 -2.3302000e-002
  1.0000000e+000 -6.2915000e-003
  1.0100000e+000  7.6331000e-003
  1.0200000e+000  8.3878000e-003
  1.0300000e+000 -1.8456000e-003
  1.0400000e+000 -9.9261000e-003
  1.0500000e+000 -6.5476000e-003
  1.0600000e+000 -1.4350000e-003
  1.0700000e+000 -1.3521000e-002
  1.0800000e+000 -4.2852000e-002
  1.0900000e+000 -6.3507000e-002
  1.1000000e+000 -5.4488000e-002
  1.1100000e+000 -2.4603000e-002
  1.1200000e+000  1.8454000e-003
  1.1300000e+000  1.4104000e-002
  1.1400000e+000  1.6099000e-002
  1.1500000e+000  9.7141000e-003
  1.1600000e+000 -7.3732000e-003
  1.1700000e+000 -3.0130000e-002
  1.1800000e+000 -4.6821000e-002
  1.1900000e+000 -5.1477000e-002
  1.2000000e+000 -4.6650000e-002
  1.2100000e+000 -3.5466000e-002
  1.2200000e+000 -1.9905000e-002
  1.2300000e+000 -5.9172000e-003
  1.2400000e+000 -2.5903000e-004
  1.2500000e+000 -5.0495000e-004
  1.2600000e+000  3.9910000e-003
  1.2700000e+000  1.7828000e-002
  1.2800000e+000  3.2392000e-002
  1.2900000e+000  3.6641000e-002
  1.3000000e+000  3.0473000e-002
  1.3100000e+000  2.3556000e-002
  1.3200000e+000  2.3760000e-002
  1.3300000e+000  2.9594000e-002
  1.3400000e+000  3.2346000e-002
  1.3500000e+000  2.5461000e-002
  1.3600000e+000  1.3089000e-002
  1.3700000e+000  7.1425000e-003
  1.3800000e+000  1.2815000e-002
  1.3900000e+000  2.0982000e-002
  1.4000000e+000  1.9466000e-002
  1.4100000e+000  8.0317000e-003
  1.4200000e+000 -3.4732000e-003
  1.4300000e+000 -8.1296000e-003
  1.4400000e+000 -7.3853000e-003
  1.4500000e+000 -6.4967000e-003
  1.4600000e+000 -9.0775000e-003
  1.4700000e+000 -1.3097000e-002
  1.4800000e+000 -1.0439000e-002
  1.4900000e+000  3.8514000e-003
  1.5000000e+000  2.1487000e-002
  1.5100000e+000  2.7318000e-002
  1.5200000e+000  1.6644000e-002
  1.5300000e+000 -1.4204000e-003
  1.5400000e+000 -1.6078000e-002
  1.5500000e+000 -2.2992000e-002
  1.5600000e+000 -2.2550000e-002
  1.5700000e+000 -1.8851000e-002
  1.5800000e+000 -1.6933000e-002
  1.5900000e+000 -1.3737000e-002
  1.6000000e+000  9.9405000e-004
  1.6100000e+000  2.5801000e-002
  1.6200000e+000  3.8160000e-002
  1.6300000e+000  2.0239000e-002
  1.6400000e+000 -1.4090000e-002
  1.6500000e+000 -3.1992000e-002
  1.6600000e+000 -2.1383000e-002
  1.6700000e+000 -1.2837000e-003
  1.6800000e+000  5.3217000e-003
  1.6900000e+000 -1.7910000e-003
  1.7000000e+000 -6.8149000e-003
  1.7100000e+000  3.4804000e-004
  1.7200000e+000  1.5917000e-002
  1.7300000e+000  3.1585000e-002
  1.7400000e+000  4.2245000e-002
  1.7500000e+000  4.4521000e-002
  1.7600000e+000  3.4734000e-002
  1.7700000e+000  1.3783000e-002
  1.7800000e+000 -8.4142000e-003
  1.7900000e+000 -1.8405000e-002
  1.8000000e+000 -1.1188000e-002
  1.8100000e+000  4.6694000e-003
  1.8200000e+000  1.4590000e-002
  1.8300000e+000  1.1923000e-002
  1.8400000e+000  3.3725000e-003
  1.8500000e+000 -1.4183000e-003
  1.8600000e+000 -2.9262000e-003
  1.8700000e+000 -8.5992000e-003
  1.8800000e+000 -1.9616000e-002
  1.8900000e+000 -3.0306000e-002
  1.9000000e+000 -3.9370000e-002
  1.9100000e+000 -5.0089000e-002
  1.9200000e+000 -5.6129000e-002
  1.9300000e+000 -4.2505000e-002
  1.9400000e+000 -8.1843000e-003
  1.9500000e+000  2.3549000e-002
  1.9600000e+000  3.1211000e-002
  1.9700000e+000  2.2602000e-002
  1.9800000e+000  2.3193000e-002
  1.9900000e+000  3.9812000e-002
  2.0000000e+000  5.0189000e-002
  2.0100000e+000  3.3826000e-002
  2.0200000e+000  6.7206000e-004
  2.0300000e+000 -2.0254000e-002
  2.0400000e+000 -1.6368000e-002
  2.0500000e+000 -1.5639000e-003
  2.0600000e+000  4.5021000e-003
  2.0700000e+000 -3.4957000e-003
  2.0800000e+000 -1.9137000e-002
  2.0900000e+000 -3.3895000e-002
  2.1000000e+000 -4.1222000e-002
  2.1100000e+000 -3.8844000e-002
  2.1200000e+000 -3.2095000e-002
  2.1300000e+000 -2.7769000e-002
  2.1400000e+000 -2.4351000e-002
  2.1500000e+000 -1.6708000e-002
  2.1600000e+000 -9.1175000e-003
  2.1700000e+000 -1.0937000e-002
  2.1800000e+000 -1.9807000e-002
  2.1900000e+000 -2.1675000e-002
  2.2000000e+000 -9.6848000e-003
  2.2100000e+000  7.4152000e-003
  2.2200000e+000  1.7338000e-002
  2.2300000e+000  1.5792000e-002
  2.2400000e+000  5.6511000e-003
  2.2500000e+000 -4.6141000e-003
  2.2600000e+000 -1.9495000e-003
  2.2700000e+000  1.8461000e-002
  2.2800000e+000  4.0378000e-002
  2.2900000e+000  4.1249000e-002
  2.3000000e+000  2.2836000e-002
  2.3100000e+000  1.1299000e-002
  2.3200000e+000  2.1160000e-002
  2.3300000e+000  3.2768000e-002
  2.3400000e+000  1.8904000e-002
  2.3500000e+000 -1.7144000e-002
  2.3600000e+000 -4.3023000e-002
  2.3700000e+000 -3.5615000e-002
  2.3800000e+000 -3.1164000e-003
  2.3900000e+000  2.9119000e-002
  2.4000000e+000  4.4993000e-002
  2.4100000e+000  4.5252000e-002
  2.4200000e+000  3.7351000e-002
  2.4300000e+000  2.2728000e-002
  2.4400000e+000 -5.2137000e-003
  2.4500000e+000 -4.9389000e-002
  2.4600000e+000 -9.5198000e-002
  2.4700000e+000 -1.1536000e-001
  2.4800000e+000 -9.7096000e-002
  2.4900000e+000 -5.9909000e-002
  2.5000000e+000 -3.6605000e-002
  2.5100000e+000 -3.7194000e-002
  2.5200000e+000 -4.1595000e-002
  2.5300000e+000 -2.8862000e-002
  2.5400000e+000 -4.1672000e-003
  2.5500000e+000  8.3962000e-003
  2.5600000e+000 -3.2541000e-003
  2.5700000e+000 -2.1546000e-002
  2.5800000e+000 -1.6754000e-002
  2.5900000e+000  1.6849000e-002
  2.6000000e+000  4.9634000e-002
  2.6100000e+000  4.8934000e-002
  2.6200000e+000  1.6809000e-002
  2.6300000e+000 -1.6106000e-002
  2.6400000e+000 -2.9190000e-002
  2.6500000e+000 -2.8536000e-002
  2.6600000e+000 -2.6386000e-002
  2.6700000e+000 -2.3406000e-002
  2.6800000e+000 -1.5564000e-002
  2.6900000e+000 -4.6257000e-003
  2.7000000e+000  5.3549000e-003
  2.7100000e+000  1.1301000e-002
  2.7200000e+000  7.9752000e-003
  2.7300000e+000 -8.1260000e-003
  2.7400000e+000 -2.8484000e-002
  2.7500000e+000 -3.6087000e-002
  2.7600000e+000 -2.5016000e-002
  2.7700000e+000 -8.9908000e-003
  2.7800000e+000 -5.7461000e-003
  2.7900000e+000 -1.7283000e-002
  2.8000000e+000 -3.0073000e-002
  2.8100000e+000 -3.1671000e-002
  2.8200000e+000 -2.3381000e-002
  2.8300000e+000 -1.7251000e-002
  2.8400000e+000 -2.1686000e-002
  2.8500000e+000 -3.1070000e-002
  2.8600000e+000 -2.9633000e-002
  2.8700000e+000 -6.9947000e-003
  2.8800000e+000  2.9793000e-002
  2.8900000e+000  6.0366000e-002
  2.9000000e+000  6.9248000e-002
  2.9100000e+000  5.9582000e-002
  2.9200000e+000  4.7175000e-002
  2.9300000e+000  4.3459000e-002
  2.9400000e+000  4.8761000e-002
  2.9500000e+000  5.9564000e-002
  2.9600000e+000  7.2757000e-002
  2.9700000e+000  8.2692000e-002
  2.9800000e+000  8.5728000e-002
  2.9900000e+000  8.8527000e-002
  3.0000000e+000  9.8460000e-002
  3.0100000e+000  1.0364000e-001
  3.0200000e+000  8.0932000e-002
  3.0300000e+000  3.1358000e-002
  3.0400000e+000 -1.2379000e-002
  3.0500000e+000 -2.6148000e-002
  3.0600000e+000 -2.4689000e-002
  3.0700000e+000 -3.4708000e-002
  3.0800000e+000 -5.5567000e-002
  3.0900000e+000 -6.3947000e-002
  3.1000000e+000 -4.9724000e-002
  3.1100000e+000 -2.7923000e-002
  3.1200000e+000 -2.0291000e-002
  3.1300000e+000 -3.3443000e-002
  3.1400000e+000 -5.5297000e-002
  3.1500000e+000 -6.3743000e-002
  3.1600000e+000 -4.6727000e-002
  3.1700000e+000 -1.5806000e-002
  3.1800000e+000  4.4285000e-003
  3.1900000e+000  5.3085000e-003
  3.2000000e+000  3.1497000e-003
  3.2100000e+000  1.8236000e-002
  3.2200000e+000  5.0632000e-002
  3.2300000e+000  8.0808000e-002
  3.2400000e+000  8.9136000e-002
  3.2500000e+000  7.2264000e-002
  3.2600000e+000  4.4233000e-002
  3.2700000e+000  2.4589000e-002
  3.2800000e+000  2.1111000e-002
  3.2900000e+000  2.2943000e-002
  3.3000000e+000  1.3623000e-002
  3.3100000e+000 -8.1183000e-003
  3.3200000e+000 -2.5324000e-002
  3.3300000e+000 -2.2632000e-002
  3.3400000e+000 -3.5876000e-003
  3.3500000e+000  1.6766000e-002
  3.3600000e+000  3.0374000e-002
  3.3700000e+000  3.7797000e-002
  3.3800000e+000  3.5623000e-002
  3.3900000e+000  1.7132000e-002
  3.4000000e+000 -1.3409000e-002
  3.4100000e+000 -3.9106000e-002
  3.4200000e+000 -4.8331000e-002
  3.4300000e+000 -4.3997000e-002
  3.4400000e+000 -3.3157000e-002
  3.4500000e+000 -1.8243000e-002
  3.4600000e+000 -1.5275000e-003
  3.4700000e+000  1.2259000e-002
  3.4800000e+000  2.1836000e-002
  3.4900000e+000  2.8195000e-002
  3.5000000e+000  2.6584000e-002
  3.5100000e+000  1.1062000e-002
  3.5200000e+000 -9.5068000e-003
  3.5300000e+000 -1.3874000e-002
  3.5400000e+000  4.6105000e-003
  3.5500000e+000  2.4573000e-002
  3.5600000e+000  2.2525000e-002
  3.5700000e+000  4.9029000e-003
  3.5800000e+000  1.5279000e-004
  3.5900000e+000  1.9802000e-002
  3.6000000e+000  4.2883000e-002
  3.6100000e+000  4.4006000e-002
  3.6200000e+000  2.5978000e-002
  3.6300000e+000  1.1686000e-002
  3.6400000e+000  1.1409000e-002
  3.6500000e+000  1.3416000e-002
  3.6600000e+000  6.4745000e-003
  3.6700000e+000 -4.5268000e-003
  3.6800000e+000 -1.0249000e-002
  3.6900000e+000 -1.3881000e-002
  3.7000000e+000 -2.7855000e-002
  3.7100000e+000 -5.6651000e-002
  3.7200000e+000 -8.8271000e-002
  3.7300000e+000 -1.0478000e-001
  3.7400000e+000 -1.0048000e-001
  3.7500000e+000 -8.7128000e-002
  3.7600000e+000 -7.8282000e-002
  3.7700000e+000 -7.0117000e-002
  3.7800000e+000 -4.7386000e-002
  3.7900000e+000 -8.9901000e-003
  3.8000000e+000  2.4989000e-002
  3.8100000e+000  3.8649000e-002
  3.8200000e+000  3.8612000e-002
  3.8300000e+000  3.9636000e-002
  3.8400000e+000  4.5175000e-002
  3.8500000e+000  5.2497000e-002
  3.8600000e+000  6.4109000e-002
  3.8700000e+000  8.0767000e-002
  3.8800000e+000  9.2548000e-002
  3.8900000e+000  9.1475000e-002
  3.9000000e+000  8.4485000e-002
  3.9100000e+000  8.0425000e-002
  3.9200000e+000  7.2158000e-002
  3.9300000e+000  4.8052000e-002
  3.9400000e+000  1.4102000e-002
  3.9500000e+000 -1.1435000e-002
  3.9600000e+000 -2.2166000e-002
  3.9700000e+000 -2.6923000e-002
  3.9800000e+000 -3.2399000e-002
  3.9900000e+000 -3.6707000e-002
  4.0000000e+000 -3.9242000e-002
  4.0100000e+000 -4.5122000e-002
  4.0200000e+000 -5.8005000e-002
  4.0300000e+000 -7.4964000e-002
  4.0400000e+000 -8.7956000e-002
  4.0500000e+000 -8.8883000e-002
  4.0600000e+000 -7.6441000e-002
  4.0700000e+000 -5.9561000e-002
  4.0800000e+000 -4.6814000e-002
  4.0900000e+000 -3.2400000e-002
  4.1000000e+000 -3.2098000e-003
  4.1100000e+000  3.8408000e-002
  4.1200000e+000  7.2197000e-002
  4.1300000e+000  8.4601000e-002
  4.1400000e+000  8.4073000e-002
  4.1500000e+000  8.7016000e-002
  4.1600000e+000  9.7834000e-002
  4.1700000e+000  1.0727000e-001
  4.1800000e+000  1.0343000e-001
  4.1900000e+000  8.0915000e-002
  4.2000000e+000  4.4161000e-002
  4.2100000e+000  4.8048000e-003
  4.2200000e+000 -2.6399000e-002
  4.2300000e+000 -4.6180000e-002
  4.2400000e+000 -5.6920000e-002
  4.2500000e+000 -6.0721000e-002
  4.2600000e+000 -5.7172000e-002
  4.2700000e+000 -4.4501000e-002
  4.2800000e+000 -2.3004000e-002
  4.2900000e+000  6.1580000e-004
  4.3000000e+000  1.4000000e-002
  4.3100000e+000  9.9409000e-003
  4.3200000e+000 -5.0812000e-003
  4.3300000e+000 -1.6387000e-002
  4.3400000e+000 -1.5424000e-002
  4.3500000e+000 -6.3229000e-003
  4.3600000e+000 -2.6384000e-004
  4.3700000e+000 -4.8626000e-003
  4.3800000e+000 -1.7421000e-002
  4.3900000e+000 -2.7538000e-002
  4.4000000e+000 -2.8172000e-002
  4.4100000e+000 -2.3664000e-002
  4.4200000e+000 -2.3421000e-002
  4.4300000e+000 -2.9324000e-002
  4.4400000e+000 -3.4342000e-002
  4.4500000e+000 -3.2404000e-002
  4.4600000e+000 -2.3948000e-002
  4.4700000e+000 -1.2405000e-002
  4.4800000e+000 -5.5406000e-004
  4.4900000e+000  1.0554000e-002
  4.5000000e+000  2.2549000e-002
  4.5100000e+000  3.8342000e-002
  4.5200000e+000  5.6902000e-002
  4.5300000e+000  7.3258000e-002
  4.5400000e+000  8.5531000e-002
  4.5500000e+000  9.7289000e-002
  4.5600000e+000  1.1018000e-001
  4.5700000e+000  1.2021000e-001
  4.5800000e+000  1.2327000e-001
  4.5900000e+000  1.1770000e-001
  4.6000000e+000  9.9988000e-002
  4.6100000e+000  6.6745000e-002
  4.6200000e+000  2.2779000e-002
  4.6300000e+000 -2.2233000e-002
  4.6400000e+000 -6.6192000e-002
  4.6500000e+000 -1.1277000e-001
  4.6600000e+000 -1.5709000e-001
  4.6700000e+000 -1.8635000e-001
  4.6800000e+000 -1.9691000e-001
  4.6900000e+000 -1.9868000e-001
  4.7000000e+000 -1.9773000e-001
  4.7100000e+000 -1.8606000e-001
  4.7200000e+000 -1.5381000e-001
  4.7300000e+000 -1.0503000e-001
  4.7400000e+000 -5.5636000e-002
  4.7500000e+000 -1.8960000e-002
  4.7600000e+000  4.0815000e-003
  4.7700000e+000  2.3552000e-002
  4.7800000e+000  4.8257000e-002
  4.7900000e+000  7.6022000e-002
  4.8000000e+000  9.5870000e-002
  4.8100000e+000  1.0066000e-001
  4.8200000e+000  9.2423000e-002
  4.8300000e+000  7.8350000e-002
  4.8400000e+000  6.4842000e-002
  4.8500000e+000  5.4861000e-002
  4.8600000e+000  4.5743000e-002
  4.8700000e+000  3.1874000e-002
  4.8800000e+000  1.2828000e-002
  4.8900000e+000 -4.3763000e-003
  4.9000000e+000 -1.5043000e-002
  4.9100000e+000 -2.3760000e-002
  4.9200000e+000 -3.6497000e-002
  4.9300000e+000 -5.0950000e-002
  4.9400000e+000 -6.1535000e-002
  4.9500000e+000 -6.9876000e-002
  4.9600000e+000 -8.2661000e-002
  4.9700000e+000 -1.0102000e-001
  4.9800000e+000 -1.1774000e-001
  4.9900000e+000 -1.2395000e-001
  5.0000000e+000 -1.1423000e-001
  5.0100000e+000 -8.7544000e-002
  5.0200000e+000 -4.7763000e-002
  5.0300000e+000 -3.8947000e-003
  5.0400000e+000  3.3728000e-002
  5.0500000e+000  5.9419000e-002
  5.0600000e+000  7.4980000e-002
  5.0700000e+000  8.5010000e-002
  5.0800000e+000  9.0537000e-002
  5.0900000e+000  8.7731000e-002
  5.1000000e+000  7.3251000e-002
  5.1100000e+000  4.9435000e-002
  5.1200000e+000  2.3665000e-002
  5.1300000e+000  2.1458000e-003
  5.1400000e+000 -1.4584000e-002
  5.1500000e+000 -2.9536000e-002
  5.1600000e+000 -4.3761000e-002
  5.1700000e+000 -5.4573000e-002
  5.1800000e+000 -5.9386000e-002
  5.1900000e+000 -5.8777000e-002
  5.2000000e+000 -5.3370000e-002
  5.2100000e+000 -3.9985000e-002
  5.2200000e+000 -1.6566000e-002
  5.2300000e+000  9.9247000e-003
  5.2400000e+000  2.6535000e-002
  5.2500000e+000  2.8295000e-002
  5.2600000e+000  2.3747000e-002
  5.2700000e+000  2.4965000e-002
  5.2800000e+000  3.4720000e-002
  5.2900000e+000  4.5274000e-002
  5.3000000e+000  4.6550000e-002
  5.3100000e+000  3.5157000e-002
  5.3200000e+000  1.7313000e-002
  5.3300000e+000  3.4727000e-003
  5.3400000e+000 -1.9032000e-003
  5.3500000e+000 -4.3487000e-003
  5.3600000e+000 -1.1637000e-002
  5.3700000e+000 -2.3406000e-002
  5.3800000e+000 -3.1624000e-002
  5.3900000e+000 -2.9695000e-002
  5.4000000e+000 -1.8552000e-002
  5.4100000e+000 -4.9724000e-003
  5.4200000e+000  3.4138000e-003
  5.4300000e+000  3.2340000e-003
  5.4400000e+000 -9.6546000e-004
  5.4500000e+000  3.9920000e-005
  5.4600000e+000  9.7338000e-003
  5.4700000e+000  1.9943000e-002
  5.4800000e+000  2.0613000e-002
  5.4900000e+000  1.3788000e-002
  5.5000000e+000  1.2123000e-002
  5.5100000e+000  2.1617000e-002
  5.5200000e+000  3.2986000e-002
  5.5300000e+000  3.3447000e-002
  5.5400000e+000  2.2864000e-002
  5.5500000e+000  1.2524000e-002
  5.5600000e+000  1.1126000e-002
  5.5700000e+000  1.6073000e-002
  5.5800000e+000  1.7670000e-002
  5.5900000e+000  9.5500000e-003
  5.6000000e+000 -3.9946000e-003
  5.6100000e+000 -1.1115000e-002
  5.6200000e+000 -5.1778000e-003
  5.6300000e+000  7.0340000e-003
  5.6400000e+000  1.3622000e-002
  5.6500000e+000  1.2504000e-002
  5.6600000e+000  1.2621000e-002
  5.6700000e+000  2.1152000e-002
  5.6800000e+000  3.5224000e-002
  5.6900000e+000  4.6902000e-002
  5.7000000e+000  5.1635000e-002
  5.7100000e+000  5.1090000e-002
  5.7200000e+000  5.0345000e-002
  5.7300000e+000  5.2395000e-002
  5.7400000e+000  5.4274000e-002
  5.7500000e+000  5.0600000e-002
  5.7600000e+000  4.1520000e-002
  5.7700000e+000  3.2827000e-002
  5.7800000e+000  2.6754000e-002
  5.7900000e+000  1.8816000e-002
  5.8000000e+000  6.5225000e-003
  5.8100000e+000 -5.6266000e-003
  5.8200000e+000 -1.4307000e-002
  5.8300000e+000 -2.3396000e-002
  5.8400000e+000 -3.6532000e-002
  5.8500000e+000 -4.9118000e-002
  5.8600000e+000 -5.4175000e-002
  5.8700000e+000 -5.1467000e-002
  5.8800000e+000 -4.5091000e-002
  5.8900000e+000 -3.5654000e-002
  5.9000000e+000 -2.1617000e-002
  5.9100000e+000 -5.7759000e-003
  5.9200000e+000  5.8288000e-003
  5.9300000e+000  1.1206000e-002
  5.9400000e+000  1.3807000e-002
  5.9500000e+000  1.6657000e-002
  5.9600000e+000  1.7846000e-002
  5.9700000e+000  1.2775000e-002
  5.9800000e+000  2.5628000e-004
  5.9900000e+000 -1.3236000e-002
  6.0000000e+000 -1.7094000e-002
  6.0100000e+000 -7.1851000e-003
  6.0200000e+000  8.4029000e-003
  6.0300000e+000  1.7796000e-002
  6.0400000e+000  1.8177000e-002
  6.0500000e+000  1.5883000e-002
  6.0600000e+000  1.5824000e-002
  6.0700000e+000  1.6190000e-002
  6.0800000e+000  1.2903000e-002
  6.0900000e+000  4.4494000e-003
  6.1000000e+000 -7.4508000e-003
  6.1100000e+000 -1.8118000e-002
  6.1200000e+000 -2.1883000e-002
  6.1300000e+000 -1.7353000e-002
  6.1400000e+000 -9.6950000e-003
  6.1500000e+000 -4.4752000e-003
  6.1600000e+000 -1.3870000e-003
  6.1700000e+000  2.7791000e-003
  6.1800000e+000  7.9122000e-003
  6.1900000e+000  1.1155000e-002
  6.2000000e+000  1.1690000e-002
  6.2100000e+000  1.1188000e-002
  6.2200000e+000  1.0552000e-002
  6.2300000e+000  8.6090000e-003
  6.2400000e+000  3.3212000e-003
  6.2500000e+000 -7.3691000e-003
  6.2600000e+000 -2.4951000e-002
  6.2700000e+000 -4.7852000e-002
  6.2800000e+000 -6.9604000e-002
  6.2900000e+000 -8.1632000e-002
  6.3000000e+000 -8.0390000e-002
  6.3100000e+000 -7.0915000e-002
  6.3200000e+000 -6.1335000e-002
  6.3300000e+000 -5.3165000e-002
  6.3400000e+000 -3.9996000e-002
  6.3500000e+000 -1.7768000e-002
  6.3600000e+000  6.8299000e-003
  6.3700000e+000  2.2330000e-002
  6.3800000e+000  2.5515000e-002
  6.3900000e+000  2.4055000e-002
  6.4000000e+000  2.6193000e-002
  6.4100000e+000  3.1756000e-002
  6.4200000e+000  3.4910000e-002
  6.4300000e+000  3.2476000e-002
  6.4400000e+000  2.6280000e-002
  6.4500000e+000  1.8707000e-002
  6.4600000e+000  9.8682000e-003
  6.4700000e+000 -5.9844000e-004
  6.4800000e+000 -1.1222000e-002
  6.4900000e+000 -1.9816000e-002
  6.5000000e+000 -2.5238000e-002
  6.5100000e+000 -2.7676000e-002
  6.5200000e+000 -2.7689000e-002
  6.5300000e+000 -2.5452000e-002
  6.5400000e+000 -1.9873000e-002
  6.5500000e+000 -9.2966000e-003
  6.5600000e+000  4.9628000e-003
  6.5700000e+000  1.6998000e-002
  6.5800000e+000  2.1689000e-002
  6.5900000e+000  2.1210000e-002
  6.6000000e+000  2.1845000e-002
  6.6100000e+000  2.4983000e-002
  6.6200000e+000  2.6541000e-002
  6.6300000e+000  2.5312000e-002
  6.6400000e+000  2.5652000e-002
  6.6500000e+000  3.0323000e-002
  6.6600000e+000  3.6461000e-002
  6.6700000e+000  4.0537000e-002
  6.6800000e+000  4.2538000e-002
  6.6900000e+000  4.2874000e-002
  6.7000000e+000  3.9647000e-002
  6.7100000e+000  3.0875000e-002
  6.7200000e+000  1.6513000e-002
  6.7300000e+000 -2.1152000e-003
  6.7400000e+000 -2.1651000e-002
  6.7500000e+000 -3.6267000e-002
  6.7600000e+000 -4.1946000e-002
  6.7700000e+000 -4.0139000e-002
  6.7800000e+000 -3.3668000e-002
  6.7900000e+000 -2.1510000e-002
  6.8000000e+000 -2.4613000e-003
  6.8100000e+000  1.8546000e-002
  6.8200000e+000  3.4130000e-002
  6.8300000e+000  4.2813000e-002
  6.8400000e+000  4.8883000e-002
  6.8500000e+000  5.4518000e-002
  6.8600000e+000  5.7319000e-002
  6.8700000e+000  5.4417000e-002
  6.8800000e+000  4.5977000e-002
  6.8900000e+000  3.4873000e-002
  6.9000000e+000  2.5456000e-002
  6.9100000e+000  2.0142000e-002
  6.9200000e+000  1.5734000e-002
  6.9300000e+000  5.5104000e-003
  6.9400000e+000 -1.2591000e-002
  6.9500000e+000 -3.2849000e-002
  6.9600000e+000 -4.8311000e-002
  6.9700000e+000 -5.7577000e-002
  6.9800000e+000 -6.3277000e-002
  6.9900000e+000 -6.7602000e-002
  7.0000000e+000 -7.0669000e-002
  7.0100000e+000 -7.0259000e-002
  7.0200000e+000 -6.2196000e-002
  7.0300000e+000 -4.4826000e-002
  7.0400000e+000 -2.3132000e-002
  7.0500000e+000 -4.8900000e-003
  7.0600000e+000  7.0681000e-003
  7.0700000e+000  1.4910000e-002
  7.0800000e+000  1.9312000e-002
  7.0900000e+000  1.8309000e-002
  7.1000000e+000  1.2277000e-002
  7.1100000e+000  5.3561000e-003
  7.1200000e+000  8.8442000e-004
  7.1300000e+000 -8.4831000e-004
  7.1400000e+000 -1.0664000e-003
  7.1500000e+000 -1.4035000e-003
  7.1600000e+000 -3.9232000e-003
  7.1700000e+000 -9.2907000e-003
  7.1800000e+000 -1.6218000e-002
  7.1900000e+000 -2.3868000e-002
  7.2000000e+000 -3.2324000e-002
  7.2100000e+000 -3.8930000e-002
  7.2200000e+000 -3.8010000e-002
  7.2300000e+000 -2.7411000e-002
  7.2400000e+000 -1.2171000e-002
  7.2500000e+000  9.6731000e-004
  7.2600000e+000  1.0331000e-002
  7.2700000e+000  1.7908000e-002
  7.2800000e+000  2.4544000e-002
  7.2900000e+000  2.9310000e-002
  7.3000000e+000  3.1682000e-002
  7.3100000e+000  3.1501000e-002
  7.3200000e+000  2.8547000e-002
  7.3300000e+000  2.4053000e-002
  7.3400000e+000  2.0308000e-002
  7.3500000e+000  1.7413000e-002
  7.3600000e+000  1.3012000e-002
  7.3700000e+000  6.9185000e-003
  7.3800000e+000  2.2138000e-003
  7.3900000e+000  2.4843000e-004
  7.4000000e+000 -2.0589000e-003
  7.4100000e+000 -7.4223000e-003
  7.4200000e+000 -1.4443000e-002
  7.4300000e+000 -2.0851000e-002
  7.4400000e+000 -2.6569000e-002
  7.4500000e+000 -3.1228000e-002
  7.4600000e+000 -3.2678000e-002
  7.4700000e+000 -3.0280000e-002
  7.4800000e+000 -2.5238000e-002
  7.4900000e+000 -1.6781000e-002
  7.5000000e+000 -2.9891000e-003
  7.5100000e+000  1.3131000e-002
  7.5200000e+000  2.3963000e-002
  7.5300000e+000  2.5677000e-002
  7.5400000e+000  2.1572000e-002
  7.5500000e+000  1.5996000e-002
  7.5600000e+000  9.6764000e-003
  7.5700000e+000  2.7727000e-003
  7.5800000e+000 -2.7402000e-003
  7.5900000e+000 -5.7733000e-003
  7.6000000e+000 -8.0781000e-003
  7.6100000e+000 -1.1480000e-002
  7.6200000e+000 -1.5483000e-002
  7.6300000e+000 -1.8486000e-002
  7.6400000e+000 -1.9660000e-002
  7.6500000e+000 -1.9161000e-002
  7.6600000e+000 -1.7700000e-002
  7.6700000e+000 -1.5916000e-002
  7.6800000e+000 -1.3646000e-002
  7.6900000e+000 -1.0529000e-002
  7.7000000e+000 -7.1269000e-003
  7.7100000e+000 -4.4005000e-003
  7.7200000e+000 -2.3176000e-003
  7.7300000e+000 -4.0597000e-004
  7.7400000e+000  5.4775000e-004
  7.7500000e+000 -1.0142000e-003
  7.7600000e+000 -4.4962000e-003
  7.7700000e+000 -5.7816000e-003
  7.7800000e+000 -4.8700000e-004
  7.7900000e+000  1.1350000e-002
  7.8000000e+000  2.4775000e-002
  7.8100000e+000  3.4534000e-002
  7.8200000e+000  3.9516000e-002
  7.8300000e+000  4.2252000e-002
  7.8400000e+000  4.4797000e-002
  7.8500000e+000  4.5851000e-002
  7.8600000e+000  4.2550000e-002
  7.8700000e+000  3.4933000e-002
  7.8800000e+000  2.7869000e-002
  7.8900000e+000  2.6647000e-002
  7.9000000e+000  2.9934000e-002
  7.9100000e+000  2.9037000e-002
  7.9200000e+000  1.7331000e-002
  7.9300000e+000 -6.5395000e-004
  7.9400000e+000 -1.2832000e-002
  7.9500000e+000 -1.2708000e-002
  7.9600000e+000 -5.4887000e-003
  7.9700000e+000 -5.1387000e-004
  7.9800000e+000 -4.1741000e-004
  7.9900000e+000  8.9608000e-006
  8.0000000e+000  5.9228000e-003
  8.0100000e+000  1.6043000e-002
  8.0200000e+000  2.3834000e-002
  8.0300000e+000  2.3906000e-002
  8.0400000e+000  1.7189000e-002
  8.0500000e+000  1.0384000e-002
  8.0600000e+000  9.0560000e-003
  8.0700000e+000  1.1603000e-002
  8.0800000e+000  1.1646000e-002
  8.0900000e+000  6.8920000e-003
  8.1000000e+000  2.3299000e-003
  8.1100000e+000  3.1317000e-003
  8.1200000e+000  7.4067000e-003
  8.1300000e+000  9.1157000e-003
  8.1400000e+000  5.7513000e-003
  8.1500000e+000 -1.4851000e-004
  8.1600000e+000 -5.3505000e-003
  8.1700000e+000 -9.1395000e-003
  8.1800000e+000 -1.3162000e-002
  8.1900000e+000 -1.9723000e-002
  8.2000000e+000 -2.8256000e-002
  8.2100000e+000 -3.3613000e-002
  8.2200000e+000 -3.0585000e-002
  8.2300000e+000 -2.1002000e-002
  8.2400000e+000 -1.2388000e-002
  8.2500000e+000 -9.0948000e-003
  8.2600000e+000 -8.1144000e-003
  8.2700000e+000 -5.0003000e-003
  8.2800000e+000  1.8097000e-004
  8.2900000e+000  4.4069000e-003
  8.3000000e+000  6.2544000e-003
  8.3100000e+000  6.8022000e-003
  8.3200000e+000  7.3103000e-003
  8.3300000e+000  7.2768000e-003
  8.3400000e+000  4.9590000e-003
  8.3500000e+000  2.0266000e-004
  8.3600000e+000 -3.8822000e-003
  8.3700000e+000 -4.1091000e-003
  8.3800000e+000 -1.6174000e-003
  8.3900000e+000 -5.2974000e-004
  8.4000000e+000 -2.1029000e-003
  8.4100000e+000 -3.8047000e-003
  8.4200000e+000 -4.3329000e-003
  8.4300000e+000 -5.3838000e-003
  8.4400000e+000 -7.2327000e-003
  8.4500000e+000 -6.8299000e-003
  8.4600000e+000 -2.8219000e-003
  8.4700000e+000  8.5473000e-004
  8.4800000e+000 -6.8448000e-004
  8.4900000e+000 -7.2810000e-003
  8.5000000e+000 -1.4653000e-002
  8.5100000e+000 -1.9880000e-002
  8.5200000e+000 -2.3656000e-002
  8.5300000e+000 -2.7893000e-002
  8.5400000e+000 -3.2638000e-002
  8.5500000e+000 -3.5342000e-002
  8.5600000e+000 -3.3189000e-002
  8.5700000e+000 -2.7187000e-002
  8.5800000e+000 -2.3420000e-002
  8.5900000e+000 -2.7967000e-002
  8.6000000e+000 -3.9811000e-002
  8.6100000e+000 -5.1167000e-002
  8.6200000e+000 -5.5498000e-002
  8.6300000e+000 -5.3214000e-002
  8.6400000e+000 -4.8382000e-002
  8.6500000e+000 -4.2918000e-002
  8.6600000e+000 -3.5686000e-002
  8.6700000e+000 -2.5770000e-002
  8.6800000e+000 -1.4676000e-002
  8.6900000e+000 -5.8390000e-003
  8.7000000e+000 -2.5021000e-003
  8.7100000e+000 -4.8795000e-003
  8.7200000e+000 -8.9568000e-003
  8.7300000e+000 -9.4514000e-003
  8.7400000e+000 -4.8396000e-003
  8.7500000e+000  1.4304000e-003
  8.7600000e+000  4.8331000e-003
  8.7700000e+000  4.0118000e-003
  8.7800000e+000  1.3734000e-003
  8.7900000e+000  2.4732000e-005
  8.8000000e+000  6.8280000e-005
  8.8100000e+000 -1.9077000e-003
  8.8200000e+000 -8.2320000e-003
  8.8300000e+000 -1.5944000e-002
  8.8400000e+000 -1.9632000e-002
  8.8500000e+000 -1.8960000e-002
  8.8600000e+000 -1.8987000e-002
  8.8700000e+000 -2.2044000e-002
  8.8800000e+000 -2.2939000e-002
  8.8900000e+000 -1.6175000e-002
  8.9000000e+000 -4.2893000e-003
  8.9100000e+000  4.8554000e-003
  8.9200000e+000  8.3598000e-003
  8.9300000e+000  1.1269000e-002
  8.9400000e+000  1.9220000e-002
  8.9500000e+000  3.1150000e-002
  8.9600000e+000  4.0613000e-002
  8.9700000e+000  4.3026000e-002
  8.9800000e+000  4.0257000e-002
  8.9900000e+000  3.8430000e-002
  9.0000000e+000  4.1055000e-002
  9.0100000e+000  4.4710000e-002
  9.0200000e+000  4.1994000e-002
  9.0300000e+000  2.9919000e-002
  9.0400000e+000  1.3836000e-002
  9.0500000e+000  1.5902000e-003
  9.0600000e+000 -4.5838000e-003
  9.0700000e+000 -6.8195000e-003
  9.0800000e+000 -5.0124000e-003
  9.0900000e+000  3.9585000e-003
  9.1000000e+000  2.0032000e-002
  9.1100000e+000  3.8410000e-002
  9.1200000e+000  5.4479000e-002
  9.1300000e+000  6.7197000e-002
  9.1400000e+000  7.6360000e-002
  9.1500000e+000  8.1372000e-002
  9.1600000e+000  8.3096000e-002
  9.1700000e+000  8.3647000e-002
  9.1800000e+000  8.3592000e-002
  9.1900000e+000  8.2120000e-002
  9.2000000e+000  7.9457000e-002
  9.2100000e+000  7.7457000e-002
  9.2200000e+000  7.8607000e-002
  9.2300000e+000  8.3927000e-002
  9.2400000e+000  8.9296000e-002
  9.2500000e+000  8.4843000e-002
  9.2600000e+000  6.3511000e-002
  9.2700000e+000  2.9306000e-002
  9.2800000e+000 -7.9887000e-003
  9.2900000e+000 -4.4863000e-002
  9.3000000e+000 -8.2563000e-002
  9.3100000e+000 -1.1702000e-001
  9.3200000e+000 -1.4008000e-001
  9.3300000e+000 -1.5070000e-001
  9.3400000e+000 -1.5464000e-001
  9.3500000e+000 -1.5286000e-001
  9.3600000e+000 -1.3954000e-001
  9.3700000e+000 -1.1312000e-001
  9.3800000e+000 -8.1005000e-002
  9.3900000e+000 -5.0372000e-002
  9.4000000e+000 -2.1063000e-002
  9.4100000e+000  9.8126000e-003
  9.4200000e+000  4.0548000e-002
  9.4300000e+000  6.5660000e-002
  9.4400000e+000  8.2557000e-002
  9.4500000e+000  9.4163000e-002
  9.4600000e+000  1.0341000e-001
  9.4700000e+000  1.0726000e-001
  9.4800000e+000  1.0037000e-001
  9.4900000e+000  8.3892000e-002
  9.5000000e+000  6.5693000e-002
  9.5100000e+000  5.0731000e-002
  9.5200000e+000  3.7304000e-002
  9.5300000e+000  2.4175000e-002
  9.5400000e+000  1.5056000e-002
  9.5500000e+000  1.2755000e-002
  9.5600000e+000  1.4914000e-002
  9.5700000e+000  1.8512000e-002
  9.5800000e+000  2.4340000e-002
  9.5900000e+000  3.3662000e-002
  9.6000000e+000  4.4799000e-002
  9.6100000e+000  5.5436000e-002
  9.6200000e+000  6.4672000e-002
  9.6300000e+000  7.0372000e-002
  9.6400000e+000  6.8830000e-002
  9.6500000e+000  5.8855000e-002
  9.6600000e+000  4.3598000e-002
  9.6700000e+000  2.6689000e-002
  9.6800000e+000  8.9603000e-003
  9.6900000e+000 -1.0402000e-002
  9.7000000e+000 -3.0494000e-002
  9.7100000e+000 -4.7909000e-002
  9.7200000e+000 -5.9743000e-002
  9.7300000e+000 -6.6744000e-002
  9.7400000e+000 -7.2897000e-002
  9.7500000e+000 -8.2276000e-002
  9.7600000e+000 -9.8001000e-002
  9.7700000e+000 -1.2231000e-001
  9.7800000e+000 -1.5446000e-001
  9.7900000e+000 -1.8750000e-001
  9.8000000e+000 -2.1247000e-001
  9.8100000e+000 -2.2659000e-001
  9.8200000e+000 -2.3326000e-001
  9.8300000e+000 -2.3176000e-001
  9.8400000e+000 -2.1560000e-001
  9.8500000e+000 -1.8324000e-001
  9.8600000e+000 -1.4329000e-001
  9.8700000e+000 -1.0434000e-001
  9.8800000e+000 -6.7398000e-002
  9.8900000e+000 -3.0314000e-002
  9.9000000e+000  6.6924000e-003
  9.9100000e+000  4.3608000e-002
  9.9200000e+000  8.1947000e-002
  9.9300000e+000  1.2050000e-001
  9.9400000e+000  1.5496000e-001
  9.9500000e+000  1.8273000e-001
  9.9600000e+000  2.0324000e-001
  9.9700000e+000  2.1307000e-001
  9.9800000e+000  2.0691000e-001
  9.9900000e+000  1.8358000e-001
  1.0000000e+001  1.4793000e-001
  1.0010000e+001  1.0693000e-001
  1.0020000e+001  6.7452000e-002
  1.0030000e+001  3.6134000e-002
  1.0040000e+001  1.8021000e-002
  1.0050000e+001  1.4909000e-002
  1.0060000e+001  2.6370000e-002
  1.0070000e+001  5.0033000e-002
  1.0080000e+001  8.1470000e-002
  1.0090000e+001  1.1625000e-001
  1.0100000e+001  1.5011000e-001
  1.0110000e+001  1.7611000e-001
  1.0120000e+001  1.8722000e-001
  1.0130000e+001  1.8471000e-001
  1.0140000e+001  1.7705000e-001
  1.0150000e+001  1.6702000e-001
  1.0160000e+001  1.4740000e-001
  1.0170000e+001  1.1429000e-001
  1.0180000e+001  7.5769000e-002
  1.0190000e+001  4.0272000e-002
  1.0200000e+001  6.1168000e-003
  1.0210000e+001 -3.0634000e-002
  1.0220000e+001 -6.7466000e-002
  1.0230000e+001 -1.0210000e-001
  1.0240000e+001 -1.3811000e-001
  1.0250000e+001 -1.7616000e-001
  1.0260000e+001 -2.0809000e-001
  1.0270000e+001 -2.2632000e-001
  1.0280000e+001 -2.3146000e-001
  1.0290000e+001 -2.2452000e-001
  1.0300000e+001 -2.0215000e-001
  1.0310000e+001 -1.6524000e-001
  1.0320000e+001 -1.2301000e-001
  1.0330000e+001 -8.2471000e-002
  1.0340000e+001 -4.2689000e-002
  1.0350000e+001 -3.3026000e-003
  1.0360000e+001  2.9451000e-002
  1.0370000e+001  4.9294000e-002
  1.0380000e+001  5.5464000e-002
  1.0390000e+001  5.0336000e-002
  1.0400000e+001  3.7881000e-002
  1.0410000e+001  2.5045000e-002
  1.0420000e+001  1.6433000e-002
  1.0430000e+001  6.1366000e-003
  1.0440000e+001 -1.7535000e-002
  1.0450000e+001 -5.7146000e-002
  1.0460000e+001 -1.0134000e-001
  1.0470000e+001 -1.3794000e-001
  1.0480000e+001 -1.6537000e-001
  1.0490000e+001 -1.8867000e-001
  1.0500000e+001 -2.0846000e-001
  1.0510000e+001 -2.2070000e-001
  1.0520000e+001 -2.2283000e-001
  1.0530000e+001 -2.1451000e-001
  1.0540000e+001 -1.9308000e-001
  1.0550000e+001 -1.5710000e-001
  1.0560000e+001 -1.1273000e-001
  1.0570000e+001 -6.8204000e-002
  1.0580000e+001 -2.1551000e-002
  1.0590000e+001  3.4712000e-002
  1.0600000e+001  9.5723000e-002
  1.0610000e+001  1.4371000e-001
  1.0620000e+001  1.6958000e-001
  1.0630000e+001  1.8353000e-001
  1.0640000e+001  1.9938000e-001
  1.0650000e+001  2.1874000e-001
  1.0660000e+001  2.3435000e-001
  1.0670000e+001  2.3861000e-001
  1.0680000e+001  2.2537000e-001
  1.0690000e+001  1.9249000e-001
  1.0700000e+001  1.4703000e-001
  1.0710000e+001  9.9834000e-002
  1.0720000e+001  5.4599000e-002
  1.0730000e+001  7.7456000e-003
  1.0740000e+001 -4.0937000e-002
  1.0750000e+001 -8.5597000e-002
  1.0760000e+001 -1.2199000e-001
  1.0770000e+001 -1.5161000e-001
  1.0780000e+001 -1.7646000e-001
  1.0790000e+001 -1.9486000e-001
  1.0800000e+001 -2.0283000e-001
  1.0810000e+001 -1.9733000e-001
  1.0820000e+001 -1.7835000e-001
  1.0830000e+001 -1.4889000e-001
  1.0840000e+001 -1.1143000e-001
  1.0850000e+001 -6.6401000e-002
  1.0860000e+001 -1.7723000e-002
  1.0870000e+001  2.3784000e-002
  1.0880000e+001  4.8386000e-002
  1.0890000e+001  5.8143000e-002
  1.0900000e+001  6.3125000e-002
  1.0910000e+001  6.8464000e-002
  1.0920000e+001  7.0856000e-002
  1.0930000e+001  6.7603000e-002
  1.0940000e+001  6.2007000e-002
  1.0950000e+001  5.8482000e-002
  1.0960000e+001  5.7261000e-002
  1.0970000e+001  5.5500000e-002
  1.0980000e+001  5.0607000e-002
  1.0990000e+001  4.1837000e-002
  1.1000000e+001  3.0813000e-002
  1.1010000e+001  2.1089000e-002
  1.1020000e+001  1.5605000e-002
  1.1030000e+001  1.4756000e-002
  1.1040000e+001  1.6135000e-002
  1.1050000e+001  1.5885000e-002
  1.1060000e+001  1.0683000e-002
  1.1070000e+001  1.0700000e-003
  1.1080000e+001 -8.9933000e-003
  1.1090000e+001 -1.8642000e-002
  1.1100000e+001 -3.4998000e-002
  1.1110000e+001 -6.6280000e-002
  1.1120000e+001 -1.0965000e-001
  1.1130000e+001 -1.5133000e-001
  1.1140000e+001 -1.7984000e-001
  1.1150000e+001 -1.9487000e-001
  1.1160000e+001 -2.0032000e-001
  1.1170000e+001 -1.9512000e-001
  1.1180000e+001 -1.7557000e-001
  1.1190000e+001 -1.4405000e-001
  1.1200000e+001 -1.0886000e-001
  1.1210000e+001 -7.7150000e-002
  1.1220000e+001 -5.1904000e-002
  1.1230000e+001 -3.4205000e-002
  1.1240000e+001 -2.2636000e-002
  1.1250000e+001 -1.1325000e-002
  1.1260000e+001  6.7868000e-003
  1.1270000e+001  3.4108000e-002
  1.1280000e+001  6.9324000e-002
  1.1290000e+001  1.1085000e-001
  1.1300000e+001  1.5439000e-001
  1.1310000e+001  1.9024000e-001
  1.1320000e+001  2.1067000e-001
  1.1330000e+001  2.1718000e-001
  1.1340000e+001  2.1529000e-001
  1.1350000e+001  2.0447000e-001
  1.1360000e+001  1.7938000e-001
  1.1370000e+001  1.3883000e-001
  1.1380000e+001  8.8730000e-002
  1.1390000e+001  3.6241000e-002
  1.1400000e+001 -1.4568000e-002
  1.1410000e+001 -6.2083000e-002
  1.1420000e+001 -1.0430000e-001
  1.1430000e+001 -1.3840000e-001
  1.1440000e+001 -1.6301000e-001
  1.1450000e+001 -1.7983000e-001
  1.1460000e+001 -1.8885000e-001
  1.1470000e+001 -1.8265000e-001
  1.1480000e+001 -1.5175000e-001
  1.1490000e+001 -9.6488000e-002
  1.1500000e+001 -2.7961000e-002
  1.1510000e+001  4.3626000e-002
  1.1520000e+001  1.1370000e-001
  1.1530000e+001  1.7792000e-001
  1.1540000e+001  2.2997000e-001
  1.1550000e+001  2.6628000e-001
  1.1560000e+001  2.8654000e-001
  1.1570000e+001  2.9183000e-001
  1.1580000e+001  2.8552000e-001
  1.1590000e+001  2.7230000e-001
  1.1600000e+001  2.5204000e-001
  1.1610000e+001  2.1943000e-001
  1.1620000e+001  1.7273000e-001
  1.1630000e+001  1.1819000e-001
  1.1640000e+001  6.2591000e-002
  1.1650000e+001  8.6433000e-003
  1.1660000e+001 -4.1223000e-002
  1.1670000e+001 -8.2363000e-002
  1.1680000e+001 -1.1216000e-001
  1.1690000e+001 -1.3007000e-001
  1.1700000e+001 -1.3523000e-001
  1.1710000e+001 -1.2717000e-001
  1.1720000e+001 -1.0919000e-001
  1.1730000e+001 -8.6495000e-002
  1.1740000e+001 -6.3761000e-002
  1.1750000e+001 -4.4987000e-002
  1.1760000e+001 -3.2527000e-002
  1.1770000e+001 -2.3609000e-002
  1.1780000e+001 -1.2045000e-002
  1.1790000e+001  5.0719000e-003
  1.1800000e+001  2.5860000e-002
  1.1810000e+001  4.8716000e-002
  1.1820000e+001  7.4478000e-002
  1.1830000e+001  1.0301000e-001
  1.1840000e+001  1.3149000e-001
  1.1850000e+001  1.5626000e-001
  1.1860000e+001  1.7432000e-001
  1.1870000e+001  1.8384000e-001
  1.1880000e+001  1.8546000e-001
  1.1890000e+001  1.8246000e-001
  1.1900000e+001  1.7707000e-001
  1.1910000e+001  1.6675000e-001
  1.1920000e+001  1.4583000e-001
  1.1930000e+001  1.1261000e-001
  1.1940000e+001  7.3108000e-002
  1.1950000e+001  3.6464000e-002
  1.1960000e+001  6.9808000e-003
  1.1970000e+001 -1.6229000e-002
  1.1980000e+001 -3.3623000e-002
  1.1990000e+001 -4.3234000e-002
  1.2000000e+001 -4.4630000e-002
  1.2010000e+001 -4.0308000e-002
  1.2020000e+001 -3.2320000e-002
  1.2030000e+001 -2.1803000e-002
  1.2040000e+001 -1.3360000e-002
  1.2050000e+001 -1.4998000e-002
  1.2060000e+001 -3.2116000e-002
  1.2070000e+001 -6.4493000e-002
  1.2080000e+001 -1.0826000e-001
  1.2090000e+001 -1.5628000e-001
  1.2100000e+001 -1.9836000e-001
  1.2110000e+001 -2.2602000e-001
  1.2120000e+001 -2.3629000e-001
  1.2130000e+001 -2.2858000e-001
  1.2140000e+001 -2.0146000e-001
  1.2150000e+001 -1.5636000e-001
  1.2160000e+001 -1.0013000e-001
  1.2170000e+001 -3.9590000e-002
  1.2180000e+001  2.2709000e-002
  1.2190000e+001  8.1992000e-002
  1.2200000e+001  1.2718000e-001
  1.2210000e+001  1.5027000e-001
  1.2220000e+001  1.5583000e-001
  1.2230000e+001  1.5296000e-001
  1.2240000e+001  1.4166000e-001
  1.2250000e+001  1.1452000e-001
  1.2260000e+001  7.0952000e-002
  1.2270000e+001  2.2508000e-002
  1.2280000e+001 -1.8322000e-002
  1.2290000e+001 -4.8865000e-002
  1.2300000e+001 -7.3869000e-002
  1.2310000e+001 -9.6532000e-002
  1.2320000e+001 -1.1705000e-001
  1.2330000e+001 -1.3621000e-001
  1.2340000e+001 -1.5557000e-001
  1.2350000e+001 -1.7414000e-001
  1.2360000e+001 -1.8998000e-001
  1.2370000e+001 -2.0362000e-001
  1.2380000e+001 -2.1477000e-001
  1.2390000e+001 -2.1594000e-001
  1.2400000e+001 -1.9715000e-001
  1.2410000e+001 -1.5824000e-001
  1.2420000e+001 -1.1045000e-001
  1.2430000e+001 -6.3332000e-002
  1.2440000e+001 -1.6998000e-002
  1.2450000e+001  3.1296000e-002
  1.2460000e+001  7.8613000e-002
  1.2470000e+001  1.1822000e-001
  1.2480000e+001  1.4508000e-001
  1.2490000e+001  1.5844000e-001
  1.2500000e+001  1.6123000e-001
  1.2510000e+001  1.5820000e-001
  1.2520000e+001  1.5088000e-001
  1.2530000e+001  1.3531000e-001
  1.2540000e+001  1.0845000e-001
  1.2550000e+001  7.5336000e-002
  1.2560000e+001  4.5554000e-002
  1.2570000e+001  2.3451000e-002
  1.2580000e+001  7.3125000e-003
  1.2590000e+001 -4.6428000e-003
  1.2600000e+001 -1.2063000e-002
  1.2610000e+001 -1.5816000e-002
  1.2620000e+001 -1.8349000e-002
  1.2630000e+001 -2.0197000e-002
  1.2640000e+001 -1.9709000e-002
  1.2650000e+001 -1.7318000e-002
  1.2660000e+001 -1.5941000e-002
  1.2670000e+001 -1.5796000e-002
  1.2680000e+001 -1.1274000e-002
  1.2690000e+001  4.5270000e-003
  1.2700000e+001  3.2970000e-002
  1.2710000e+001  6.7289000e-002
  1.2720000e+001  9.8069000e-002
  1.2730000e+001  1.2130000e-001
  1.2740000e+001  1.4029000e-001
  1.2750000e+001  1.5792000e-001
  1.2760000e+001  1.6879000e-001
  1.2770000e+001  1.6251000e-001
  1.2780000e+001  1.3515000e-001
  1.2790000e+001  9.3270000e-002
  1.2800000e+001  4.6418000e-002
  1.2810000e+001  7.7574000e-005
  1.2820000e+001 -4.2294000e-002
  1.2830000e+001 -7.7011000e-002
  1.2840000e+001 -1.0393000e-001
  1.2850000e+001 -1.2787000e-001
  1.2860000e+001 -1.5098000e-001
  1.2870000e+001 -1.6681000e-001
  1.2880000e+001 -1.6618000e-001
  1.2890000e+001 -1.4791000e-001
  1.2900000e+001 -1.2091000e-001
  1.2910000e+001 -9.5794000e-002
  1.2920000e+001 -7.5823000e-002
  1.2930000e+001 -5.6775000e-002
  1.2940000e+001 -3.4638000e-002
  1.2950000e+001 -1.2238000e-002
  1.2960000e+001  3.4151000e-003
  1.2970000e+001  8.9046000e-003
  1.2980000e+001  6.0877000e-003
  1.2990000e+001 -3.8692000e-003
  1.3000000e+001 -2.2102000e-002
  1.3010000e+001 -4.6922000e-002
  1.3020000e+001 -7.2501000e-002
  1.3030000e+001 -9.5148000e-002
  1.3040000e+001 -1.1548000e-001
  1.3050000e+001 -1.3355000e-001
  1.3060000e+001 -1.4600000e-001
  1.3070000e+001 -1.4952000e-001
  1.3080000e+001 -1.4320000e-001
  1.3090000e+001 -1.2768000e-001
  1.3100000e+001 -1.0565000e-001
  1.3110000e+001 -8.2250000e-002
  1.3120000e+001 -6.1138000e-002
  1.3130000e+001 -4.0334000e-002
  1.3140000e+001 -1.5588000e-002
  1.3150000e+001  1.3785000e-002
  1.3160000e+001  4.5146000e-002
  1.3170000e+001  7.6371000e-002
  1.3180000e+001  1.0567000e-001
  1.3190000e+001  1.3045000e-001
  1.3200000e+001  1.4940000e-001
  1.3210000e+001  1.6274000e-001
  1.3220000e+001  1.6780000e-001
  1.3230000e+001  1.5851000e-001
  1.3240000e+001  1.3269000e-001
  1.3250000e+001  9.6609000e-002
  1.3260000e+001  5.8538000e-002
  1.3270000e+001  2.0428000e-002
  1.3280000e+001 -1.9510000e-002
  1.3290000e+001 -5.8021000e-002
  1.3300000e+001 -8.7151000e-002
  1.3310000e+001 -1.0322000e-001
  1.3320000e+001 -1.1070000e-001
  1.3330000e+001 -1.1470000e-001
  1.3340000e+001 -1.1390000e-001
  1.3350000e+001 -1.0348000e-001
  1.3360000e+001 -8.3906000e-002
  1.3370000e+001 -6.3238000e-002
  1.3380000e+001 -5.0001000e-002
  1.3390000e+001 -4.5167000e-002
  1.3400000e+001 -4.1875000e-002
  1.3410000e+001 -3.2182000e-002
  1.3420000e+001 -1.4195000e-002
  1.3430000e+001  6.7919000e-003
  1.3440000e+001  2.3617000e-002
  1.3450000e+001  3.2942000e-002
  1.3460000e+001  3.5669000e-002
  1.3470000e+001  3.3766000e-002
  1.3480000e+001  2.8632000e-002
  1.3490000e+001  2.2111000e-002
  1.3500000e+001  1.7357000e-002
  1.3510000e+001  1.7877000e-002
  1.3520000e+001  2.6109000e-002
  1.3530000e+001  4.2606000e-002
  1.3540000e+001  6.5001000e-002
  1.3550000e+001  8.7457000e-002
  1.3560000e+001  1.0302000e-001
  1.3570000e+001  1.0792000e-001
  1.3580000e+001  1.0292000e-001
  1.3590000e+001  9.0526000e-002
  1.3600000e+001  7.1904000e-002
  1.3610000e+001  4.7054000e-002
  1.3620000e+001  1.6488000e-002
  1.3630000e+001 -1.7311000e-002
  1.3640000e+001 -4.9885000e-002
  1.3650000e+001 -7.5728000e-002
  1.3660000e+001 -9.1582000e-002
  1.3670000e+001 -9.7774000e-002
  1.3680000e+001 -9.6253000e-002
  1.3690000e+001 -8.6535000e-002
  1.3700000e+001 -6.6366000e-002
  1.3710000e+001 -3.5381000e-002
  1.3720000e+001  2.6707000e-003
  1.3730000e+001  4.2357000e-002
  1.3740000e+001  7.7926000e-002
  1.3750000e+001  1.0341000e-001
  1.3760000e+001  1.1397000e-001
  1.3770000e+001  1.0917000e-001
  1.3780000e+001  9.3398000e-002
  1.3790000e+001  7.3181000e-002
  1.3800000e+001  5.3950000e-002
  1.3810000e+001  3.9134000e-002
  1.3820000e+001  3.0084000e-002
  1.3830000e+001  2.5872000e-002
  1.3840000e+001  2.4535000e-002
  1.3850000e+001  2.5375000e-002
  1.3860000e+001  2.8151000e-002
  1.3870000e+001  2.9877000e-002
  1.3880000e+001  2.5484000e-002
  1.3890000e+001  1.3052000e-002
  1.3900000e+001 -3.6881000e-003
  1.3910000e+001 -1.9046000e-002
  1.3920000e+001 -3.0784000e-002
  1.3930000e+001 -4.0970000e-002
  1.3940000e+001 -5.3191000e-002
  1.3950000e+001 -6.8596000e-002
  1.3960000e+001 -8.4296000e-002
  1.3970000e+001 -9.5750000e-002
  1.3980000e+001 -1.0104000e-001
  1.3990000e+001 -1.0089000e-001
  1.4000000e+001 -9.4166000e-002
  1.4010000e+001 -7.7247000e-002
  1.4020000e+001 -4.8565000e-002
  1.4030000e+001 -1.1551000e-002
  1.4040000e+001  2.9161000e-002
  1.4050000e+001  6.8943000e-002
  1.4060000e+001  1.0152000e-001
  1.4070000e+001  1.2116000e-001
  1.4080000e+001  1.2947000e-001
  1.4090000e+001  1.3357000e-001
  1.4100000e+001  1.3706000e-001
  1.4110000e+001  1.3659000e-001
  1.4120000e+001  1.2740000e-001
  1.4130000e+001  1.0858000e-001
  1.4140000e+001  8.2496000e-002
  1.4150000e+001  5.3078000e-002
  1.4160000e+001  2.4135000e-002
  1.4170000e+001 -2.9828000e-003
  1.4180000e+001 -3.0413000e-002
  1.4190000e+001 -5.8998000e-002
  1.4200000e+001 -8.4747000e-002
  1.4210000e+001 -1.0283000e-001
  1.4220000e+001 -1.1362000e-001
  1.4230000e+001 -1.2090000e-001
  1.4240000e+001 -1.2590000e-001
  1.4250000e+001 -1.2595000e-001
  1.4260000e+001 -1.1900000e-001
  1.4270000e+001 -1.0702000e-001
  1.4280000e+001 -9.4690000e-002
  1.4290000e+001 -8.5687000e-002
  1.4300000e+001 -8.0607000e-002
  1.4310000e+001 -7.6922000e-002
  1.4320000e+001 -7.0964000e-002
  1.4330000e+001 -6.0072000e-002
  1.4340000e+001 -4.3667000e-002
  1.4350000e+001 -2.2588000e-002
  1.4360000e+001  1.7212000e-003
  1.4370000e+001  2.7740000e-002
  1.4380000e+001  5.3404000e-002
  1.4390000e+001  7.5695000e-002
  1.4400000e+001  9.1438000e-002
  1.4410000e+001  1.0016000e-001
  1.4420000e+001  1.0532000e-001
  1.4430000e+001  1.1121000e-001
  1.4440000e+001  1.1840000e-001
  1.4450000e+001  1.2428000e-001
  1.4460000e+001  1.2663000e-001
  1.4470000e+001  1.2383000e-001
  1.4480000e+001  1.1211000e-001
  1.4490000e+001  8.7576000e-002
  1.4500000e+001  5.0943000e-002
  1.4510000e+001  7.4340000e-003
  1.4520000e+001 -3.8647000e-002
  1.4530000e+001 -8.4858000e-002
  1.4540000e+001 -1.2677000e-001
  1.4550000e+001 -1.5742000e-001
  1.4560000e+001 -1.7258000e-001
  1.4570000e+001 -1.7255000e-001
  1.4580000e+001 -1.5925000e-001
  1.4590000e+001 -1.3460000e-001
  1.4600000e+001 -1.0293000e-001
  1.4610000e+001 -7.1533000e-002
  1.4620000e+001 -4.7717000e-002
  1.4630000e+001 -3.5085000e-002
  1.4640000e+001 -3.1935000e-002
  1.4650000e+001 -3.2493000e-002
  1.4660000e+001 -3.1185000e-002
  1.4670000e+001 -2.7098000e-002
  1.4680000e+001 -2.3488000e-002
  1.4690000e+001 -2.2118000e-002
  1.4700000e+001 -2.0205000e-002
  1.4710000e+001 -1.3672000e-002
  1.4720000e+001 -1.5804000e-003
  1.4730000e+001  1.4167000e-002
  1.4740000e+001  3.1231000e-002
  1.4750000e+001  4.8017000e-002
  1.4760000e+001  6.3919000e-002
  1.4770000e+001  7.9319000e-002
  1.4780000e+001  9.3209000e-002
  1.4790000e+001  1.0138000e-001
  1.4800000e+001  1.0025000e-001
  1.4810000e+001  9.2553000e-002
  1.4820000e+001  8.4446000e-002
  1.4830000e+001  7.6746000e-002
  1.4840000e+001  6.4352000e-002
  1.4850000e+001  4.6087000e-002
  1.4860000e+001  2.8936000e-002
  1.4870000e+001  1.9005000e-002
  1.4880000e+001  1.3868000e-002
  1.4890000e+001  7.8309000e-003
  1.4900000e+001  4.9509000e-005
  1.4910000e+001 -6.7144000e-003
  1.4920000e+001 -1.0796000e-002
  1.4930000e+001 -1.1235000e-002
  1.4940000e+001 -6.5252000e-003
  1.4950000e+001  2.8000000e-003
  1.4960000e+001  1.3526000e-002
  1.4970000e+001  2.4365000e-002
  1.4980000e+001  3.7672000e-002
  1.4990000e+001  5.4854000e-002
  1.5000000e+001  7.2681000e-002
  1.5010000e+001  8.6101000e-002
  1.5020000e+001  9.1892000e-002
  1.5030000e+001  8.9604000e-002
  1.5040000e+001  8.1343000e-002
  1.5050000e+001  7.1039000e-002
  1.5060000e+001  6.0949000e-002
  1.5070000e+001  4.9360000e-002
  1.5080000e+001  3.4352000e-002
  1.5090000e+001  1.8651000e-002
  1.5100000e+001  7.2543000e-003
  1.5110000e+001  8.2461000e-004
  1.5120000e+001 -4.8553000e-003
  1.5130000e+001 -1.3440000e-002
  1.5140000e+001 -2.4814000e-002
  1.5150000e+001 -3.6771000e-002
  1.5160000e+001 -4.7105000e-002
  1.5170000e+001 -5.4492000e-002
  1.5180000e+001 -5.9187000e-002
  1.5190000e+001 -6.2136000e-002
  1.5200000e+001 -6.1964000e-002
  1.5210000e+001 -5.4902000e-002
  1.5220000e+001 -4.0093000e-002
  1.5230000e+001 -2.2501000e-002
  1.5240000e+001 -7.4001000e-003
  1.5250000e+001  5.7702000e-003
  1.5260000e+001  2.0327000e-002
  1.5270000e+001  3.5397000e-002
  1.5280000e+001  4.6204000e-002
  1.5290000e+001  4.9945000e-002
  1.5300000e+001  4.7489000e-002
  1.5310000e+001  4.0478000e-002
  1.5320000e+001  3.0515000e-002
  1.5330000e+001  1.9838000e-002
  1.5340000e+001  9.6229000e-003
  1.5350000e+001 -1.4348000e-003
  1.5360000e+001 -1.3820000e-002
  1.5370000e+001 -2.4437000e-002
  1.5380000e+001 -2.9551000e-002
  1.5390000e+001 -2.9285000e-002
  1.5400000e+001 -2.6296000e-002
  1.5410000e+001 -2.1993000e-002
  1.5420000e+001 -1.5848000e-002
  1.5430000e+001 -7.0658000e-003
  1.5440000e+001  4.2699000e-003
  1.5450000e+001  1.5919000e-002
  1.5460000e+001  2.3318000e-002
  1.5470000e+001  2.3171000e-002
  1.5480000e+001  1.7014000e-002
  1.5490000e+001  8.7243000e-003
  1.5500000e+001 -8.6049000e-004
  1.5510000e+001 -1.3414000e-002
  1.5520000e+001 -2.7773000e-002
  1.5530000e+001 -3.9223000e-002
  1.5540000e+001 -4.3917000e-002
  1.5550000e+001 -4.0706000e-002
  1.5560000e+001 -2.9842000e-002
  1.5570000e+001 -1.3976000e-002
  1.5580000e+001  7.8850000e-004
  1.5590000e+001  8.9601000e-003
  1.5600000e+001  1.0300000e-002
  1.5610000e+001  7.5455000e-003
  1.5620000e+001  1.1326000e-003
  1.5630000e+001 -1.0267000e-002
  1.5640000e+001 -2.5443000e-002
  1.5650000e+001 -4.1081000e-002
  1.5660000e+001 -5.5826000e-002
  1.5670000e+001 -7.0044000e-002
  1.5680000e+001 -8.2170000e-002
  1.5690000e+001 -8.8740000e-002
  1.5700000e+001 -8.8161000e-002
  1.5710000e+001 -8.1842000e-002
  1.5720000e+001 -7.1940000e-002
  1.5730000e+001 -5.9687000e-002
  1.5740000e+001 -4.5841000e-002
  1.5750000e+001 -3.1192000e-002
  1.5760000e+001 -1.6719000e-002
  1.5770000e+001 -3.7634000e-003
  1.5780000e+001  6.2132000e-003
  1.5790000e+001  1.2547000e-002
  1.5800000e+001  1.5630000e-002
  1.5810000e+001  1.6332000e-002
  1.5820000e+001  1.5686000e-002
  1.5830000e+001  1.5048000e-002
  1.5840000e+001  1.5639000e-002
  1.5850000e+001  1.7610000e-002
  1.5860000e+001  1.9784000e-002
  1.5870000e+001  2.0557000e-002
  1.5880000e+001  1.9314000e-002
  1.5890000e+001  1.7140000e-002
  1.5900000e+001  1.5918000e-002
  1.5910000e+001  1.5971000e-002
  1.5920000e+001  1.5472000e-002
  1.5930000e+001  1.2641000e-002
  1.5940000e+001  7.9662000e-003
  1.5950000e+001  2.1986000e-003
  1.5960000e+001 -5.8511000e-003
  1.5970000e+001 -1.7511000e-002
  1.5980000e+001 -3.0056000e-002
  1.5990000e+001 -3.8357000e-002
  1.6000000e+001 -4.0606000e-002
  1.6010000e+001 -4.0270000e-002
  1.6020000e+001 -4.0583000e-002
  1.6030000e+001 -4.0206000e-002
  1.6040000e+001 -3.5643000e-002
  1.6050000e+001 -2.6261000e-002
  1.6060000e+001 -1.4586000e-002
  1.6070000e+001 -3.4949000e-003
  1.6080000e+001  5.5437000e-003
  1.6090000e+001  1.2432000e-002
  1.6100000e+001  1.8923000e-002
  1.6110000e+001  2.7710000e-002
  1.6120000e+001  3.9766000e-002
  1.6130000e+001  5.2620000e-002
  1.6140000e+001  6.3007000e-002
  1.6150000e+001  7.0238000e-002
  1.6160000e+001  7.6021000e-002
  1.6170000e+001  8.1592000e-002
  1.6180000e+001  8.6701000e-002
  1.6190000e+001  9.0979000e-002
  1.6200000e+001  9.4510000e-002
  1.6210000e+001  9.6943000e-002
  1.6220000e+001  9.7126000e-002
  1.6230000e+001  9.4307000e-002
  1.6240000e+001  8.8159000e-002
  1.6250000e+001  7.7575000e-002
  1.6260000e+001  6.1181000e-002
  1.6270000e+001  4.0514000e-002
  1.6280000e+001  2.0797000e-002
  1.6290000e+001  6.6314000e-003
  1.6300000e+001 -2.6251000e-003
  1.6310000e+001 -1.1168000e-002
  1.6320000e+001 -2.1092000e-002
  1.6330000e+001 -3.0952000e-002
  1.6340000e+001 -3.9640000e-002
  1.6350000e+001 -4.8301000e-002
  1.6360000e+001 -5.7541000e-002
  1.6370000e+001 -6.5564000e-002
  1.6380000e+001 -7.0472000e-002
  1.6390000e+001 -7.2407000e-002
  1.6400000e+001 -7.1876000e-002
  1.6410000e+001 -6.8026000e-002
  1.6420000e+001 -6.0615000e-002
  1.6430000e+001 -5.1870000e-002
  1.6440000e+001 -4.4058000e-002
  1.6450000e+001 -3.6593000e-002
  1.6460000e+001 -2.7540000e-002
  1.6470000e+001 -1.6684000e-002
  1.6480000e+001 -5.3872000e-003
  1.6490000e+001  5.2867000e-003
  1.6500000e+001  1.4487000e-002
  1.6510000e+001  2.0629000e-002
  1.6520000e+001  2.2485000e-002
  1.6530000e+001  2.0245000e-002
  1.6540000e+001  1.4407000e-002
  1.6550000e+001  4.8369000e-003
  1.6560000e+001 -7.4301000e-003
  1.6570000e+001 -1.9338000e-002
  1.6580000e+001 -2.8018000e-002
  1.6590000e+001 -3.2762000e-002
  1.6600000e+001 -3.3850000e-002
  1.6610000e+001 -3.1491000e-002
  1.6620000e+001 -2.6703000e-002
  1.6630000e+001 -2.1691000e-002
  1.6640000e+001 -1.7971000e-002
  1.6650000e+001 -1.5219000e-002
  1.6660000e+001 -1.2166000e-002
  1.6670000e+001 -7.8653000e-003
  1.6680000e+001 -1.8167000e-003
  1.6690000e+001  5.4265000e-003
  1.6700000e+001  1.2089000e-002
  1.6710000e+001  1.5987000e-002
  1.6720000e+001  1.5846000e-002
  1.6730000e+001  1.1816000e-002
  1.6740000e+001  6.2131000e-003
  1.6750000e+001  2.8647000e-003
  1.6760000e+001  4.2587000e-003
  1.6770000e+001  9.4533000e-003
  1.6780000e+001  1.6459000e-002
  1.6790000e+001  2.5073000e-002
  1.6800000e+001  3.4846000e-002
  1.6810000e+001  4.1833000e-002
  1.6820000e+001  4.1972000e-002
  1.6830000e+001  3.6615000e-002
  1.6840000e+001  3.0677000e-002
  1.6850000e+001  2.5738000e-002
  1.6860000e+001  1.9585000e-002
  1.6870000e+001  1.2179000e-002
  1.6880000e+001  7.2910000e-003
  1.6890000e+001  7.1257000e-003
  1.6900000e+001  8.9211000e-003
  1.6910000e+001  8.5528000e-003
  1.6920000e+001  4.4777000e-003
  1.6930000e+001 -2.6008000e-003
  1.6940000e+001 -1.1475000e-002
  1.6950000e+001 -2.0330000e-002
  1.6960000e+001 -2.7027000e-002
  1.6970000e+001 -3.0703000e-002
  1.6980000e+001 -3.2251000e-002
  1.6990000e+001 -3.2456000e-002
  1.7000000e+001 -3.0530000e-002
  1.7010000e+001 -2.5172000e-002
  1.7020000e+001 -1.6793000e-002
  1.7030000e+001 -8.1767000e-003
  1.7040000e+001 -2.6937000e-003
  1.7050000e+001 -1.5392000e-003
  1.7060000e+001 -2.8160000e-003
  1.7070000e+001 -3.6120000e-003
  1.7080000e+001 -3.0743000e-003
  1.7090000e+001 -2.5219000e-003
  1.7100000e+001 -2.9459000e-003
  1.7110000e+001 -3.5333000e-003
  1.7120000e+001 -3.3606000e-003
  1.7130000e+001 -2.9808000e-003
  1.7140000e+001 -3.5348000e-003
  1.7150000e+001 -4.9199000e-003
  1.7160000e+001 -6.0115000e-003
  1.7170000e+001 -6.3147000e-003
  1.7180000e+001 -6.3842000e-003
  1.7190000e+001 -6.8831000e-003
  1.7200000e+001 -8.2356000e-003
  1.7210000e+001 -1.1103000e-002
  1.7220000e+001 -1.5972000e-002
  1.7230000e+001 -2.2133000e-002
  1.7240000e+001 -2.7736000e-002
  1.7250000e+001 -3.1306000e-002
  1.7260000e+001 -3.2716000e-002
  1.7270000e+001 -3.2414000e-002
  1.7280000e+001 -3.0327000e-002
  1.7290000e+001 -2.6149000e-002
  1.7300000e+001 -2.0285000e-002
  1.7310000e+001 -1.3781000e-002
  1.7320000e+001 -7.2789000e-003
  1.7330000e+001 -3.9352000e-004
  1.7340000e+001  7.5335000e-003
  1.7350000e+001  1.5943000e-002
  1.7360000e+001  2.3435000e-002
  1.7370000e+001  3.0006000e-002
  1.7380000e+001  3.7900000e-002
  1.7390000e+001  4.8740000e-002
  1.7400000e+001  6.0872000e-002
  1.7410000e+001  7.1231000e-002
  1.7420000e+001  7.9310000e-002
  1.7430000e+001  8.6692000e-002
  1.7440000e+001  9.2382000e-002
  1.7450000e+001  9.1909000e-002
  1.7460000e+001  8.2729000e-002
  1.7470000e+001  6.7920000e-002
  1.7480000e+001  5.2294000e-002
  1.7490000e+001  3.7177000e-002
  1.7500000e+001  2.1564000e-002
  1.7510000e+001  6.5550000e-003
  1.7520000e+001 -4.7874000e-003
  1.7530000e+001 -1.1671000e-002
  1.7540000e+001 -1.6620000e-002
  1.7550000e+001 -2.1553000e-002
  1.7560000e+001 -2.5186000e-002
  1.7570000e+001 -2.5564000e-002
  1.7580000e+001 -2.3201000e-002
  1.7590000e+001 -2.0332000e-002
  1.7600000e+001 -1.7954000e-002
  1.7610000e+001 -1.5428000e-002
  1.7620000e+001 -1.2386000e-002
  1.7630000e+001 -9.8540000e-003
  1.7640000e+001 -8.6919000e-003
  1.7650000e+001 -8.4829000e-003
  1.7660000e+001 -8.2342000e-003
  1.7670000e+001 -7.4510000e-003
  1.7680000e+001 -5.4445000e-003
  1.7690000e+001 -1.3732000e-003
  1.7700000e+001  3.9242000e-003
  1.7710000e+001  7.2930000e-003
  1.7720000e+001  6.4400000e-003
  1.7730000e+001  2.4543000e-003
  1.7740000e+001 -2.5472000e-003
  1.7750000e+001 -8.4770000e-003
  1.7760000e+001 -1.5884000e-002
  1.7770000e+001 -2.3044000e-002
  1.7780000e+001 -2.7218000e-002
  1.7790000e+001 -2.7915000e-002
  1.7800000e+001 -2.7015000e-002
  1.7810000e+001 -2.6574000e-002
  1.7820000e+001 -2.8103000e-002
  1.7830000e+001 -3.2489000e-002
  1.7840000e+001 -3.8672000e-002
  1.7850000e+001 -4.3792000e-002
  1.7860000e+001 -4.6255000e-002
  1.7870000e+001 -4.7220000e-002
  1.7880000e+001 -4.8277000e-002
  1.7890000e+001 -4.9259000e-002
  1.7900000e+001 -4.9338000e-002
  1.7910000e+001 -4.8243000e-002
  1.7920000e+001 -4.5691000e-002
  1.7930000e+001 -4.1079000e-002
  1.7940000e+001 -3.4693000e-002
  1.7950000e+001 -2.7918000e-002
  1.7960000e+001 -2.1735000e-002
  1.7970000e+001 -1.6009000e-002
  1.7980000e+001 -1.0839000e-002
  1.7990000e+001 -7.1873000e-003
  1.8000000e+001 -5.6931000e-003
  1.8010000e+001 -6.0082000e-003
  1.8020000e+001 -7.9516000e-003
  1.8030000e+001 -1.1769000e-002
  1.8040000e+001 -1.6692000e-002
  1.8050000e+001 -2.0573000e-002
  1.8060000e+001 -2.2074000e-002
  1.8070000e+001 -2.2268000e-002
  1.8080000e+001 -2.2772000e-002
  1.8090000e+001 -2.2882000e-002
  1.8100000e+001 -2.0180000e-002
  1.8110000e+001 -1.3875000e-002
  1.8120000e+001 -5.8983000e-003
  1.8130000e+001  1.3885000e-003
  1.8140000e+001  7.0929000e-003
  1.8150000e+001  1.1647000e-002
  1.8160000e+001  1.5857000e-002
  1.8170000e+001  2.0286000e-002
  1.8180000e+001  2.4548000e-002
  1.8190000e+001  2.7828000e-002
  1.8200000e+001  3.0447000e-002
  1.8210000e+001  3.4256000e-002
  1.8220000e+001  3.9856000e-002
  1.8230000e+001  4.4564000e-002
  1.8240000e+001  4.4902000e-002
  1.8250000e+001  4.0637000e-002
  1.8260000e+001  3.4180000e-002
  1.8270000e+001  2.6940000e-002
  1.8280000e+001  1.8439000e-002
  1.8290000e+001  9.2165000e-003
  1.8300000e+001  1.5950000e-003
  1.8310000e+001 -3.1570000e-003
  1.8320000e+001 -7.0963000e-003
  1.8330000e+001 -1.3212000e-002
  1.8340000e+001 -2.1620000e-002
  1.8350000e+001 -2.8697000e-002
  1.8360000e+001 -3.0335000e-002
  1.8370000e+001 -2.5611000e-002
  1.8380000e+001 -1.7174000e-002
  1.8390000e+001 -8.3252000e-003
  1.8400000e+001 -6.4200000e-004
  1.8410000e+001  5.5347000e-003
  1.8420000e+001  9.5747000e-003
  1.8430000e+001  1.0715000e-002
  1.8440000e+001  9.1348000e-003
  1.8450000e+001  6.3013000e-003
  1.8460000e+001  4.0667000e-003
  1.8470000e+001  3.7980000e-003
  1.8480000e+001  5.7043000e-003
  1.8490000e+001  9.1908000e-003
  1.8500000e+001  1.3741000e-002
  1.8510000e+001  1.9001000e-002
  1.8520000e+001  2.3877000e-002
  1.8530000e+001  2.6638000e-002
  1.8540000e+001  2.6770000e-002
  1.8550000e+001  2.5724000e-002
  1.8560000e+001  2.5493000e-002
  1.8570000e+001  2.6870000e-002
  1.8580000e+001  2.9552000e-002
  1.8590000e+001  3.2740000e-002
  1.8600000e+001  3.5251000e-002
  1.8610000e+001  3.6106000e-002
  1.8620000e+001  3.5449000e-002
  1.8630000e+001  3.4269000e-002
  1.8640000e+001  3.3069000e-002
  1.8650000e+001  3.1309000e-002
  1.8660000e+001  2.7882000e-002
  1.8670000e+001  2.1886000e-002
  1.8680000e+001  1.4029000e-002
  1.8690000e+001  7.1735000e-003
  1.8700000e+001  4.5195000e-003
  1.8710000e+001  6.4050000e-003
  1.8720000e+001  1.0162000e-002
  1.8730000e+001  1.2769000e-002
  1.8740000e+001  1.3038000e-002
  1.8750000e+001  1.1318000e-002
  1.8760000e+001  8.4559000e-003
  1.8770000e+001  4.6344000e-003
  1.8780000e+001 -1.2304000e-003
  1.8790000e+001 -9.9855000e-003
  1.8800000e+001 -1.9383000e-002
  1.8810000e+001 -2.4874000e-002
  1.8820000e+001 -2.4681000e-002
  1.8830000e+001 -2.2111000e-002
  1.8840000e+001 -2.1059000e-002
  1.8850000e+001 -2.1564000e-002
  1.8860000e+001 -2.1921000e-002
  1.8870000e+001 -2.2470000e-002
  1.8880000e+001 -2.4286000e-002
  1.8890000e+001 -2.5957000e-002
  1.8900000e+001 -2.5097000e-002
  1.8910000e+001 -2.1846000e-002
  1.8920000e+001 -1.8588000e-002
  1.8930000e+001 -1.6394000e-002
  1.8940000e+001 -1.3905000e-002
  1.8950000e+001 -9.1515000e-003
  1.8960000e+001 -1.1301000e-003
  1.8970000e+001  1.0220000e-002
  1.8980000e+001  2.3982000e-002
  1.8990000e+001  3.8216000e-002
  1.9000000e+001  5.0847000e-002
  1.9010000e+001  6.0654000e-002
  1.9020000e+001  6.7327000e-002
  1.9030000e+001  7.0695000e-002
  1.9040000e+001  7.0115000e-002
  1.9050000e+001  6.4689000e-002
  1.9060000e+001  5.4549000e-002
  1.9070000e+001  4.1850000e-002
  1.9080000e+001  2.9681000e-002
  1.9090000e+001  1.9470000e-002
  1.9100000e+001  1.0353000e-002
  1.9110000e+001  1.6134000e-003
  1.9120000e+001 -5.4750000e-003
  1.9130000e+001 -9.2838000e-003
  1.9140000e+001 -9.9110000e-003
  1.9150000e+001 -8.4248000e-003
  1.9160000e+001 -5.3263000e-003
  1.9170000e+001 -1.6189000e-003
  1.9180000e+001 -3.2512000e-004
  1.9190000e+001 -4.5651000e-003
  1.9200000e+001 -1.3790000e-002
  1.9210000e+001 -2.3629000e-002
  1.9220000e+001 -2.9836000e-002
  1.9230000e+001 -3.1610000e-002
  1.9240000e+001 -3.1360000e-002
  1.9250000e+001 -3.1976000e-002
  1.9260000e+001 -3.4021000e-002
  1.9270000e+001 -3.5165000e-002
  1.9280000e+001 -3.3236000e-002
  1.9290000e+001 -2.9366000e-002
  1.9300000e+001 -2.6235000e-002
  1.9310000e+001 -2.3465000e-002
  1.9320000e+001 -1.7515000e-002
  1.9330000e+001 -7.3924000e-003
  1.9340000e+001  3.0938000e-003
  1.9350000e+001  9.8773000e-003
  1.9360000e+001  1.3430000e-002
  1.9370000e+001  1.6362000e-002
  1.9380000e+001  1.8923000e-002
  1.9390000e+001  1.8777000e-002
  1.9400000e+001  1.4839000e-002
  1.9410000e+001  9.0452000e-003
  1.9420000e+001  4.1048000e-003
  1.9430000e+001  9.7707000e-005
  1.9440000e+001 -5.8169000e-003
  1.9450000e+001 -1.5555000e-002
  1.9460000e+001 -2.6788000e-002
  1.9470000e+001 -3.5107000e-002
  1.9480000e+001 -3.9280000e-002
  1.9490000e+001 -4.1730000e-002
  1.9500000e+001 -4.3925000e-002
  1.9510000e+001 -4.4079000e-002
  1.9520000e+001 -4.0557000e-002
  1.9530000e+001 -3.4403000e-002
  1.9540000e+001 -2.7191000e-002
  1.9550000e+001 -1.8645000e-002
  1.9560000e+001 -8.1455000e-003
  1.9570000e+001  3.4197000e-003
  1.9580000e+001  1.4349000e-002
  1.9590000e+001  2.3802000e-002
  1.9600000e+001  3.1664000e-002
  1.9610000e+001  3.7685000e-002
  1.9620000e+001  4.0960000e-002
  1.9630000e+001  4.0354000e-002
  1.9640000e+001  3.5241000e-002
  1.9650000e+001  2.6883000e-002
  1.9660000e+001  1.8424000e-002
  1.9670000e+001  1.2590000e-002
  1.9680000e+001  9.2379000e-003
  1.9690000e+001  6.2077000e-003
  1.9700000e+001  2.2227000e-003
  1.9710000e+001 -1.8592000e-003
  1.9720000e+001 -4.9074000e-003
  1.9730000e+001 -7.3653000e-003
  1.9740000e+001 -1.0613000e-002
  1.9750000e+001 -1.4942000e-002
  1.9760000e+001 -1.9475000e-002
  1.9770000e+001 -2.3398000e-002
  1.9780000e+001 -2.6235000e-002
  1.9790000e+001 -2.7166000e-002
  1.9800000e+001 -2.5614000e-002
  1.9810000e+001 -2.2071000e-002
  1.9820000e+001 -1.7091000e-002
  1.9830000e+001 -9.7819000e-003
  1.9840000e+001  8.8496000e-004
  1.9850000e+001  1.3686000e-002
  1.9860000e+001  2.5859000e-002
  1.9870000e+001  3.5937000e-002
  1.9880000e+001  4.3842000e-002
  1.9890000e+001  4.8755000e-002
  1.9900000e+001  4.9301000e-002
  1.9910000e+001  4.5441000e-002
  1.9920000e+001  3.8172000e-002
  1.9930000e+001  2.7577000e-002
  1.9940000e+001  1.3454000e-002
  1.9950000e+001 -2.5433000e-003
  1.9960000e+001 -1.7221000e-002
  1.9970000e+001 -2.8485000e-002
  1.9980000e+001 -3.6007000e-002
  1.9990000e+001 -4.0222000e-002
  2.0000000e+001 -4.1914000e-002
  2.0010000e+001 -4.2260000e-002
  2.0020000e+001 -4.1699000e-002
  2.0030000e+001 -3.9613000e-002
  2.0040000e+001 -3.5957000e-002
  2.0050000e+001 -3.2183000e-002
  2.0060000e+001 -2.9313000e-002
  2.0070000e+001 -2.6301000e-002
  2.0080000e+001 -2.1790000e-002
  2.0090000e+001 -1.6476000e-002
  2.0100000e+001 -1.2468000e-002
  2.0110000e+001 -1.0841000e-002
  2.0120000e+001 -1.1084000e-002
  2.0130000e+001 -1.2565000e-002
  2.0140000e+001 -1.5387000e-002
  2.0150000e+001 -1.9290000e-002
  2.0160000e+001 -2.2628000e-002
  2.0170000e+001 -2.3742000e-002
  2.0180000e+001 -2.3168000e-002
  2.0190000e+001 -2.3342000e-002
  2.0200000e+001 -2.5283000e-002
  2.0210000e+001 -2.7013000e-002
  2.0220000e+001 -2.6035000e-002
  2.0230000e+001 -2.2312000e-002
  2.0240000e+001 -1.7225000e-002
  2.0250000e+001 -1.1081000e-002
  2.0260000e+001 -3.4730000e-003
  2.0270000e+001  4.5873000e-003
  2.0280000e+001  1.0915000e-002
  2.0290000e+001  1.4089000e-002
  2.0300000e+001  1.3805000e-002
  2.0310000e+001  1.0542000e-002
  2.0320000e+001  6.5215000e-003
  2.0330000e+001  5.5584000e-003
  2.0340000e+001  9.1569000e-003
  2.0350000e+001  1.4076000e-002
  2.0360000e+001  1.6083000e-002
  2.0370000e+001  1.5341000e-002
  2.0380000e+001  1.4959000e-002
  2.0390000e+001  1.5376000e-002
  2.0400000e+001  1.3548000e-002
  2.0410000e+001  8.0020000e-003
  2.0420000e+001  1.3561000e-003
  2.0430000e+001 -2.8548000e-003
  2.0440000e+001 -3.2284000e-003
  2.0450000e+001 -1.1137000e-004
  2.0460000e+001  5.2240000e-003
  2.0470000e+001  1.0347000e-002
  2.0480000e+001  1.3564000e-002
  2.0490000e+001  1.6261000e-002
  2.0500000e+001  2.1364000e-002
  2.0510000e+001  2.8715000e-002
  2.0520000e+001  3.4928000e-002
  2.0530000e+001  3.8061000e-002
  2.0540000e+001  4.0073000e-002
  2.0550000e+001  4.2998000e-002
  2.0560000e+001  4.5539000e-002
  2.0570000e+001  4.5025000e-002
  2.0580000e+001  4.0840000e-002
  2.0590000e+001  3.3971000e-002
  2.0600000e+001  2.5039000e-002
  2.0610000e+001  1.4703000e-002
  2.0620000e+001  4.8617000e-003
  2.0630000e+001 -2.7622000e-003
  2.0640000e+001 -8.5090000e-003
  2.0650000e+001 -1.3463000e-002
  2.0660000e+001 -1.6942000e-002
  2.0670000e+001 -1.7073000e-002
  2.0680000e+001 -1.3428000e-002
  2.0690000e+001 -7.2527000e-003
  2.0700000e+001  1.3790000e-004
  2.0710000e+001  8.1390000e-003
  2.0720000e+001  1.5838000e-002
  2.0730000e+001  2.1876000e-002
  2.0740000e+001  2.4745000e-002
  2.0750000e+001  2.3269000e-002
  2.0760000e+001  1.7059000e-002
  2.0770000e+001  7.8264000e-003
  2.0780000e+001 -1.1694000e-003
  2.0790000e+001 -7.9215000e-003
  2.0800000e+001 -1.3293000e-002
  2.0810000e+001 -1.8602000e-002
  2.0820000e+001 -2.3130000e-002
  2.0830000e+001 -2.5221000e-002
  2.0840000e+001 -2.4783000e-002
  2.0850000e+001 -2.3174000e-002
  2.0860000e+001 -2.1493000e-002
  2.0870000e+001 -2.0144000e-002
  2.0880000e+001 -1.9601000e-002
  2.0890000e+001 -2.0069000e-002
  2.0900000e+001 -2.0916000e-002
  2.0910000e+001 -2.1475000e-002
  2.0920000e+001 -2.1874000e-002
  2.0930000e+001 -2.2131000e-002
  2.0940000e+001 -2.1493000e-002
  2.0950000e+001 -1.9323000e-002
  2.0960000e+001 -1.5695000e-002
  2.0970000e+001 -1.0406000e-002
  2.0980000e+001 -2.9104000e-003
  2.0990000e+001  6.0911000e-003
  2.1000000e+001  1.4217000e-002
  2.1010000e+001  1.9612000e-002
  2.1020000e+001  2.2019000e-002
  2.1030000e+001  2.1386000e-002
  2.1040000e+001  1.7140000e-002
  2.1050000e+001  9.7161000e-003
  2.1060000e+001  1.0264000e-003
  2.1070000e+001 -7.3349000e-003
  2.1080000e+001 -1.4920000e-002
  2.1090000e+001 -2.0883000e-002
  2.1100000e+001 -2.3403000e-002
  2.1110000e+001 -2.1862000e-002
  2.1120000e+001 -1.7953000e-002
  2.1130000e+001 -1.3316000e-002
  2.1140000e+001 -7.2016000e-003
  2.1150000e+001  1.5669000e-003
  2.1160000e+001  1.1191000e-002
  2.1170000e+001  1.7651000e-002
  2.1180000e+001  1.9010000e-002
  2.1190000e+001  1.7115000e-002
  2.1200000e+001  1.4586000e-002
  2.1210000e+001  1.2016000e-002
  2.1220000e+001  8.9198000e-003
  2.1230000e+001  5.8074000e-003
  2.1240000e+001  3.8518000e-003
  2.1250000e+001  3.4089000e-003
  2.1260000e+001  4.1561000e-003
  2.1270000e+001  5.6988000e-003
  2.1280000e+001  7.7503000e-003
  2.1290000e+001  1.0148000e-002
  2.1300000e+001  1.3372000e-002
  2.1310000e+001  1.7635000e-002
  2.1320000e+001  2.2070000e-002
  2.1330000e+001  2.5174000e-002
  2.1340000e+001  2.6557000e-002
  2.1350000e+001  2.7026000e-002
  2.1360000e+001  2.7573000e-002
  2.1370000e+001  2.8417000e-002
  2.1380000e+001  2.8992000e-002
  2.1390000e+001  2.8429000e-002
  2.1400000e+001  2.6680000e-002
  2.1410000e+001  2.4937000e-002
  2.1420000e+001  2.3910000e-002
  2.1430000e+001  2.2261000e-002
  2.1440000e+001  1.8100000e-002
  2.1450000e+001  1.1631000e-002
  2.1460000e+001  4.5037000e-003
  2.1470000e+001 -2.5568000e-003
  2.1480000e+001 -9.7887000e-003
  2.1490000e+001 -1.6416000e-002
  2.1500000e+001 -2.0758000e-002
  2.1510000e+001 -2.2225000e-002
  2.1520000e+001 -2.1979000e-002
  2.1530000e+001 -2.1191000e-002
  2.1540000e+001 -1.9908000e-002
  2.1550000e+001 -1.7637000e-002
  2.1560000e+001 -1.4751000e-002
  2.1570000e+001 -1.2625000e-002
  2.1580000e+001 -1.2344000e-002
  2.1590000e+001 -1.3155000e-002
  2.1600000e+001 -1.3042000e-002
  2.1610000e+001 -1.1059000e-002
  2.1620000e+001 -8.2668000e-003
  2.1630000e+001 -6.2629000e-003
  2.1640000e+001 -5.4997000e-003
  2.1650000e+001 -5.6208000e-003
  2.1660000e+001 -6.0579000e-003
  2.1670000e+001 -6.2316000e-003
  2.1680000e+001 -5.8480000e-003
  2.1690000e+001 -5.4437000e-003
  2.1700000e+001 -5.6045000e-003
  2.1710000e+001 -5.7999000e-003
  2.1720000e+001 -5.0127000e-003
  2.1730000e+001 -3.3771000e-003
  2.1740000e+001 -2.1982000e-003
  2.1750000e+001 -2.3950000e-003
  2.1760000e+001 -4.1303000e-003
  2.1770000e+001 -7.4269000e-003
  2.1780000e+001 -1.1958000e-002
  2.1790000e+001 -1.6392000e-002
  2.1800000e+001 -1.9181000e-002
  2.1810000e+001 -2.0179000e-002
  2.1820000e+001 -2.0296000e-002
  2.1830000e+001 -1.9705000e-002
  2.1840000e+001 -1.7679000e-002
  2.1850000e+001 -1.4565000e-002
  2.1860000e+001 -1.2070000e-002
  2.1870000e+001 -1.0864000e-002
  2.1880000e+001 -9.0857000e-003
  2.1890000e+001 -4.6290000e-003
  2.1900000e+001  2.0237000e-003
  2.1910000e+001  8.4428000e-003
  2.1920000e+001  1.3309000e-002
  2.1930000e+001  1.7363000e-002
  2.1940000e+001  2.1769000e-002
  2.1950000e+001  2.6530000e-002
  2.1960000e+001  3.0944000e-002
  2.1970000e+001  3.4516000e-002
  2.1980000e+001  3.7252000e-002
  2.1990000e+001  3.9120000e-002
  2.2000000e+001  3.9681000e-002
  2.2010000e+001  3.8283000e-002
  2.2020000e+001  3.4930000e-002
  2.2030000e+001  3.0306000e-002
  2.2040000e+001  2.4829000e-002
  2.2050000e+001  1.8436000e-002
  2.2060000e+001  1.1509000e-002
  2.2070000e+001  5.0152000e-003
  2.2080000e+001 -9.0376000e-004
  2.2090000e+001 -7.2035000e-003
  2.2100000e+001 -1.4205000e-002
  2.2110000e+001 -2.0757000e-002
  2.2120000e+001 -2.5963000e-002
  2.2130000e+001 -3.0244000e-002
  2.2140000e+001 -3.3903000e-002
  2.2150000e+001 -3.6318000e-002
  2.2160000e+001 -3.6965000e-002
  2.2170000e+001 -3.6106000e-002
  2.2180000e+001 -3.3678000e-002
  2.2190000e+001 -2.9490000e-002
  2.2200000e+001 -2.4810000e-002
  2.2210000e+001 -2.2169000e-002
  2.2220000e+001 -2.2197000e-002
  2.2230000e+001 -2.2770000e-002
  2.2240000e+001 -2.2201000e-002
  2.2250000e+001 -2.1442000e-002
  2.2260000e+001 -2.1735000e-002
  2.2270000e+001 -2.2037000e-002
  2.2280000e+001 -2.0349000e-002
  2.2290000e+001 -1.6211000e-002
  2.2300000e+001 -1.0356000e-002
  2.2310000e+001 -3.0037000e-003
  2.2320000e+001  5.7555000e-003
  2.2330000e+001  1.5058000e-002
  2.2340000e+001  2.4045000e-002
  2.2350000e+001  3.2885000e-002
  2.2360000e+001  4.1182000e-002
  2.2370000e+001  4.7052000e-002
  2.2380000e+001  4.8904000e-002
  2.2390000e+001  4.7643000e-002
  2.2400000e+001  4.5157000e-002
  2.2410000e+001  4.2250000e-002
  2.2420000e+001  3.8761000e-002
  2.2430000e+001  3.4958000e-002
  2.2440000e+001  3.0958000e-002
  2.2450000e+001  2.6200000e-002
  2.2460000e+001  2.0492000e-002
  2.2470000e+001  1.4989000e-002
  2.2480000e+001  1.0796000e-002
  2.2490000e+001  7.7292000e-003
  2.2500000e+001  4.9873000e-003
  2.2510000e+001  2.3481000e-003
  2.2520000e+001  1.6581000e-005
  2.2530000e+001 -1.9059000e-003
  2.2540000e+001 -3.4030000e-003
  2.2550000e+001 -4.5338000e-003
  2.2560000e+001 -5.5200000e-003
  2.2570000e+001 -6.5553000e-003
  2.2580000e+001 -7.1670000e-003
  2.2590000e+001 -6.4363000e-003
  2.2600000e+001 -3.7252000e-003
  2.2610000e+001  5.4961000e-004
  2.2620000e+001  4.8656000e-003
  2.2630000e+001  7.5193000e-003
  2.2640000e+001  7.9683000e-003
  2.2650000e+001  7.0199000e-003
  2.2660000e+001  5.2762000e-003
  2.2670000e+001  2.3816000e-003
  2.2680000e+001 -1.6003000e-003
  2.2690000e+001 -4.6414000e-003
  2.2700000e+001 -4.2483000e-003
  2.2710000e+001 -1.6884000e-004
  2.2720000e+001  5.1932000e-003
  2.2730000e+001  9.0417000e-003
  2.2740000e+001  9.9827000e-003
  2.2750000e+001  8.2969000e-003
  2.2760000e+001  5.1415000e-003
  2.2770000e+001  1.7184000e-003
  2.2780000e+001 -1.8200000e-003
  2.2790000e+001 -6.1118000e-003
  2.2800000e+001 -1.1027000e-002
  2.2810000e+001 -1.4878000e-002
  2.2820000e+001 -1.6620000e-002
  2.2830000e+001 -1.7544000e-002
  2.2840000e+001 -1.9513000e-002
  2.2850000e+001 -2.2037000e-002
  2.2860000e+001 -2.3232000e-002
  2.2870000e+001 -2.2914000e-002
  2.2880000e+001 -2.3156000e-002
  2.2890000e+001 -2.5458000e-002
  2.2900000e+001 -2.9435000e-002
  2.2910000e+001 -3.3666000e-002
  2.2920000e+001 -3.6803000e-002
  2.2930000e+001 -3.7960000e-002
  2.2940000e+001 -3.7356000e-002
  2.2950000e+001 -3.5669000e-002
  2.2960000e+001 -3.2430000e-002
  2.2970000e+001 -2.6438000e-002
  2.2980000e+001 -1.8097000e-002
  2.2990000e+001 -9.5563000e-003
  2.3000000e+001 -2.0780000e-003
  2.3010000e+001  4.6142000e-003
  2.3020000e+001  9.8956000e-003
  2.3030000e+001  1.1969000e-002
  2.3040000e+001  1.1014000e-002
  2.3050000e+001  1.0133000e-002
  2.3060000e+001  1.1808000e-002
  2.3070000e+001  1.5188000e-002
  2.3080000e+001  1.7584000e-002
  2.3090000e+001  1.7328000e-002
  2.3100000e+001  1.4964000e-002
  2.3110000e+001  1.2386000e-002
  2.3120000e+001  1.0886000e-002
  2.3130000e+001  9.8278000e-003
  2.3140000e+001  7.6048000e-003
  2.3150000e+001  3.9721000e-003
  2.3160000e+001  3.0673000e-004
  2.3170000e+001 -2.3519000e-003
  2.3180000e+001 -4.5554000e-003
  2.3190000e+001 -7.1866000e-003
  2.3200000e+001 -1.0250000e-002
  2.3210000e+001 -1.2835000e-002
  2.3220000e+001 -1.4111000e-002
  2.3230000e+001 -1.4243000e-002
  2.3240000e+001 -1.4636000e-002
  2.3250000e+001 -1.6437000e-002
  2.3260000e+001 -1.9097000e-002
  2.3270000e+001 -2.1048000e-002
  2.3280000e+001 -2.1573000e-002
  2.3290000e+001 -2.1154000e-002
  2.3300000e+001 -2.0371000e-002
  2.3310000e+001 -1.9312000e-002
  2.3320000e+001 -1.7598000e-002
  2.3330000e+001 -1.4379000e-002
  2.3340000e+001 -9.0758000e-003
  2.3350000e+001 -2.4204000e-003
  2.3360000e+001  3.9766000e-003
  2.3370000e+001  9.7184000e-003
  2.3380000e+001  1.5745000e-002
  2.3390000e+001  2.2401000e-002
  2.3400000e+001  2.8360000e-002
  2.3410000e+001  3.2095000e-002
  2.3420000e+001  3.3238000e-002
  2.3430000e+001  3.2396000e-002
  2.3440000e+001  3.0357000e-002
  2.3450000e+001  2.7258000e-002
  2.3460000e+001  2.2574000e-002
  2.3470000e+001  1.5733000e-002
  2.3480000e+001  7.3889000e-003
  2.3490000e+001 -4.3838000e-004
  2.3500000e+001 -5.6358000e-003
  2.3510000e+001 -7.9314000e-003
  2.3520000e+001 -9.0746000e-003
  2.3530000e+001 -1.1191000e-002
  2.3540000e+001 -1.4823000e-002
  2.3550000e+001 -1.8651000e-002
  2.3560000e+001 -2.1127000e-002
  2.3570000e+001 -2.2252000e-002
  2.3580000e+001 -2.2931000e-002
  2.3590000e+001 -2.3398000e-002
  2.3600000e+001 -2.2846000e-002
  2.3610000e+001 -2.0590000e-002
  2.3620000e+001 -1.6605000e-002
  2.3630000e+001 -1.1525000e-002
  2.3640000e+001 -6.2887000e-003
  2.3650000e+001 -1.8960000e-003
  2.3660000e+001  9.2574000e-004
  2.3670000e+001  1.7742000e-003
  2.3680000e+001  3.8242000e-004
  2.3690000e+001 -2.9782000e-003
  2.3700000e+001 -6.8982000e-003
  2.3710000e+001 -9.4362000e-003
  2.3720000e+001 -9.8433000e-003
  2.3730000e+001 -8.9993000e-003
  2.3740000e+001 -7.7236000e-003
  2.3750000e+001 -5.3759000e-003
  2.3760000e+001 -1.0279000e-003
  2.3770000e+001  4.2927000e-003
  2.3780000e+001  8.2933000e-003
  2.3790000e+001  1.0414000e-002
  2.3800000e+001  1.2481000e-002
  2.3810000e+001  1.5539000e-002
  2.3820000e+001  1.7914000e-002
  2.3830000e+001  1.7587000e-002
  2.3840000e+001  1.5288000e-002
  2.3850000e+001  1.3266000e-002
  2.3860000e+001  1.2227000e-002
  2.3870000e+001  1.1263000e-002
  2.3880000e+001  1.0046000e-002
  2.3890000e+001  9.0714000e-003
  2.3900000e+001  8.4401000e-003
  2.3910000e+001  7.8637000e-003
  2.3920000e+001  6.9533000e-003
  2.3930000e+001  4.6914000e-003
  2.3940000e+001 -1.2271000e-004
  2.3950000e+001 -6.3238000e-003
  2.3960000e+001 -1.0470000e-002
  2.3970000e+001 -1.0676000e-002
  2.3980000e+001 -8.8557000e-003
  2.3990000e+001 -7.3150000e-003
  2.4000000e+001 -5.7012000e-003
  2.4010000e+001 -2.9859000e-003
  2.4020000e+001 -1.6758000e-004
  2.4030000e+001  1.5674000e-003
  2.4040000e+001  3.1367000e-003
  2.4050000e+001  5.6147000e-003
  2.4060000e+001  8.1432000e-003
  2.4070000e+001  9.9385000e-003
  2.4080000e+001  1.2136000e-002
  2.4090000e+001  1.5402000e-002
  2.4100000e+001  1.7954000e-002
  2.4110000e+001  1.8012000e-002
  2.4120000e+001  1.6109000e-002
  2.4130000e+001  1.3356000e-002
  2.4140000e+001  9.9119000e-003
  2.4150000e+001  6.4592000e-003
  2.4160000e+001  4.8437000e-003
  2.4170000e+001  5.7105000e-003
  2.4180000e+001  7.7427000e-003
  2.4190000e+001  9.7289000e-003
  2.4200000e+001  1.1544000e-002
  2.4210000e+001  1.2723000e-002
  2.4220000e+001  1.2567000e-002
  2.4230000e+001  1.1450000e-002
  2.4240000e+001  1.0062000e-002
  2.4250000e+001  8.0614000e-003
  2.4260000e+001  5.3645000e-003
