  0.0000000e+000  4.5375000e-003
  1.0000000e-002  1.2300000e-002
  2.0000000e-002  1.7685000e-002
  3.0000000e-002  1.7290000e-002
  4.0000000e-002  1.5673000e-002
  5.0000000e-002  1.4639000e-002
  6.0000000e-002  1.5238000e-002
  7.0000000e-002  2.0104000e-002
  8.0000000e-002  3.0416000e-002
  9.0000000e-002  3.9544000e-002
  1.0000000e-001  4.0512000e-002
  1.1000000e-001  4.0146000e-002
  1.2000000e-001  5.3687000e-002
  1.3000000e-001  7.9540000e-002
  1.4000000e-001  9.6094000e-002
  1.5000000e-001  8.6215000e-002
  1.6000000e-001  5.5382000e-002
  1.7000000e-001  2.2858000e-002
  1.8000000e-001  1.9763000e-003
  1.9000000e-001 -1.2434000e-002
  2.0000000e-001 -4.0669000e-002
  2.1000000e-001 -9.5296000e-002
  2.2000000e-001 -1.6190000e-001
  2.3000000e-001 -2.1272000e-001
  2.4000000e-001 -2.3748000e-001
  2.5000000e-001 -2.4649000e-001
  2.6000000e-001 -2.4561000e-001
  2.7000000e-001 -2.2660000e-001
  2.8000000e-001 -1.8561000e-001
  2.9000000e-001 -1.3714000e-001
  3.0000000e-001 -1.0222000e-001
  3.1000000e-001 -8.8363000e-002
  3.2000000e-001 -8.5381000e-002
  3.3000000e-001 -7.6381000e-002
  3.4000000e-001 -5.0869000e-002
  3.5000000e-001 -1.2248000e-002
  3.6000000e-001  2.3676000e-002
  3.7000000e-001  4.1195000e-002
  3.8000000e-001  3.9488000e-002
  3.9000000e-001  3.5511000e-002
  4.0000000e-001  4.9146000e-002
  4.1000000e-001  8.3823000e-002
  4.2000000e-001  1.2234000e-001
  4.3000000e-001  1.4450000e-001
  4.4000000e-001  1.4460000e-001
  4.5000000e-001  1.3078000e-001
  4.6000000e-001  1.1226000e-001
  4.7000000e-001  9.2988000e-002
  4.8000000e-001  7.3493000e-002
  4.9000000e-001  5.4405000e-002
  5.0000000e-001  3.7855000e-002
  5.1000000e-001  2.7320000e-002
  5.2000000e-001  2.4498000e-002
  5.3000000e-001  2.5962000e-002
  5.4000000e-001  2.7228000e-002
  5.5000000e-001  3.0900000e-002
  5.6000000e-001  4.5573000e-002
  5.7000000e-001  7.2087000e-002
  5.8000000e-001  9.5914000e-002
  5.9000000e-001  9.8360000e-002
  6.0000000e-001  7.5519000e-002
  6.1000000e-001  4.2159000e-002
  6.2000000e-001  1.7828000e-002
  6.3000000e-001  1.0401000e-002
  6.4000000e-001  1.4025000e-002
  6.5000000e-001  1.9119000e-002
  6.6000000e-001  2.0177000e-002
  6.7000000e-001  1.2167000e-002
  6.8000000e-001 -1.1342000e-002
  6.9000000e-001 -5.0997000e-002
  7.0000000e-001 -9.3689000e-002
  7.1000000e-001 -1.2369000e-001
  7.2000000e-001 -1.3776000e-001
  7.3000000e-001 -1.4378000e-001
  7.4000000e-001 -1.4181000e-001
  7.5000000e-001 -1.2002000e-001
  7.6000000e-001 -7.0459000e-002
  7.7000000e-001 -4.9778000e-003
  7.8000000e-001  5.1960000e-002
  7.9000000e-001  8.3196000e-002
  8.0000000e-001  9.2577000e-002
  8.1000000e-001  9.7631000e-002
  8.2000000e-001  1.0934000e-001
  8.3000000e-001  1.1860000e-001
  8.4000000e-001  1.0664000e-001
  8.5000000e-001  6.6682000e-002
  8.6000000e-001  1.2174000e-002
  8.7000000e-001 -3.4834000e-002
  8.8000000e-001 -6.0211000e-002
  8.9000000e-001 -6.3910000e-002
  9.0000000e-001 -5.5115000e-002
  9.1000000e-001 -3.9061000e-002
  9.2000000e-001 -1.3456000e-002
  9.3000000e-001  1.7542000e-002
  9.4000000e-001  2.9643000e-002
  9.5000000e-001 -2.2561000e-003
  9.6000000e-001 -7.0064000e-002
  9.7000000e-001 -1.3052000e-001
  9.8000000e-001 -1.4252000e-001
  9.9000000e-001 -9.8732000e-002
  1.0000000e+000 -1.9416000e-002
  1.0100000e+000  7.1890000e-002
  1.0200000e+000  1.5786000e-001
  1.0300000e+000  2.1980000e-001
  1.0400000e+000  2.3549000e-001
  1.0500000e+000  1.9487000e-001
  1.0600000e+000  1.1524000e-001
  1.0700000e+000  3.4032000e-002
  1.0800000e+000 -1.9805000e-002
  1.0900000e+000 -4.1122000e-002
  1.1000000e+000 -4.0422000e-002
  1.1100000e+000 -2.9301000e-002
  1.1200000e+000 -1.4714000e-002
  1.1300000e+000  4.3589000e-003
  1.1400000e+000  3.2955000e-002
  1.1500000e+000  6.8985000e-002
  1.1600000e+000  1.0213000e-001
  1.1700000e+000  1.2745000e-001
  1.1800000e+000  1.4603000e-001
  1.1900000e+000  1.4591000e-001
  1.2000000e+000  1.0486000e-001
  1.2100000e+000  2.5947000e-002
  1.2200000e+000 -5.1189000e-002
  1.2300000e+000 -9.2662000e-002
  1.2400000e+000 -1.0348000e-001
  1.2500000e+000 -1.0799000e-001
  1.2600000e+000 -1.1855000e-001
  1.2700000e+000 -1.3589000e-001
  1.2800000e+000 -1.5524000e-001
  1.2900000e+000 -1.6134000e-001
  1.3000000e+000 -1.3733000e-001
  1.3100000e+000 -9.1524000e-002
  1.3200000e+000 -5.4683000e-002
  1.3300000e+000 -4.0796000e-002
  1.3400000e+000 -2.8559000e-002
  1.3500000e+000  7.9391000e-003
  1.3600000e+000  6.5075000e-002
  1.3700000e+000  1.1640000e-001
  1.3800000e+000  1.4047000e-001
  1.3900000e+000  1.3484000e-001
  1.4000000e+000  1.0903000e-001
  1.4100000e+000  7.5903000e-002
  1.4200000e+000  4.8067000e-002
  1.4300000e+000  3.5207000e-002
  1.4400000e+000  3.5704000e-002
  1.4500000e+000  3.3169000e-002
  1.4600000e+000  8.4971000e-003
  1.4700000e+000 -3.7505000e-002
  1.4800000e+000 -8.0015000e-002
  1.4900000e+000 -9.3861000e-002
  1.5000000e+000 -7.9983000e-002
  1.5100000e+000 -6.0175000e-002
  1.5200000e+000 -4.9745000e-002
  1.5300000e+000 -4.2740000e-002
  1.5400000e+000 -2.5021000e-002
  1.5500000e+000  4.6010000e-003
  1.5600000e+000  3.1538000e-002
  1.5700000e+000  3.9840000e-002
  1.5800000e+000  2.6441000e-002
  1.5900000e+000  6.9976000e-004
  1.6000000e+000 -2.3198000e-002
  1.6100000e+000 -3.3651000e-002
  1.6200000e+000 -2.5454000e-002
  1.6300000e+000 -1.9656000e-003
  1.6400000e+000  2.5992000e-002
  1.6500000e+000  4.4870000e-002
  1.6600000e+000  4.3942000e-002
  1.6700000e+000  1.9044000e-002
  1.6800000e+000 -2.3604000e-002
  1.6900000e+000 -6.6565000e-002
  1.7000000e+000 -8.9311000e-002
  1.7100000e+000 -8.3944000e-002
  1.7200000e+000 -6.1205000e-002
  1.7300000e+000 -3.9313000e-002
  1.7400000e+000 -2.9164000e-002
  1.7500000e+000 -3.2072000e-002
  1.7600000e+000 -4.5434000e-002
  1.7700000e+000 -6.3771000e-002
  1.7800000e+000 -7.7139000e-002
  1.7900000e+000 -7.5620000e-002
  1.8000000e+000 -5.7615000e-002
  1.8100000e+000 -3.0767000e-002
  1.8200000e+000 -7.3437000e-003
  1.8300000e+000 -5.2323000e-004
  1.8400000e+000 -1.5645000e-002
  1.8500000e+000 -3.7838000e-002
  1.8600000e+000 -4.0647000e-002
  1.8700000e+000 -1.7244000e-002
  1.8800000e+000  7.3716000e-003
  1.8900000e+000  6.6566000e-003
  1.9000000e+000 -1.6773000e-002
  1.9100000e+000 -4.1659000e-002
  1.9200000e+000 -5.4498000e-002
  1.9300000e+000 -4.9905000e-002
  1.9400000e+000 -2.1276000e-002
  1.9500000e+000  2.6092000e-002
  1.9600000e+000  6.6468000e-002
  1.9700000e+000  7.9940000e-002
  1.9800000e+000  7.8045000e-002
  1.9900000e+000  8.3221000e-002
  2.0000000e+000  9.6171000e-002
  2.0100000e+000  1.0236000e-001
  2.0200000e+000  9.8658000e-002
  2.0300000e+000  9.2555000e-002
  2.0400000e+000  8.3581000e-002
  2.0500000e+000  6.5312000e-002
  2.0600000e+000  4.1051000e-002
  2.0700000e+000  2.1331000e-002
  2.0800000e+000  8.6907000e-003
  2.0900000e+000 -2.7954000e-003
  2.1000000e+000 -1.4688000e-002
  2.1100000e+000 -2.3375000e-002
  2.1200000e+000 -2.7360000e-002
  2.1300000e+000 -2.9227000e-002
  2.1400000e+000 -2.9460000e-002
  2.1500000e+000 -2.5785000e-002
  2.1600000e+000 -1.7954000e-002
  2.1700000e+000 -9.4549000e-003
  2.1800000e+000 -1.8618000e-003
  2.1900000e+000  1.0257000e-002
  2.2000000e+000  3.3422000e-002
  2.2100000e+000  6.6738000e-002
  2.2200000e+000  9.8074000e-002
  2.2300000e+000  1.1383000e-001
  2.2400000e+000  1.0590000e-001
  2.2500000e+000  7.3045000e-002
  2.2600000e+000  2.0476000e-002
  2.2700000e+000 -3.5410000e-002
  2.2800000e+000 -7.3442000e-002
  2.2900000e+000 -8.4144000e-002
  2.3000000e+000 -7.5621000e-002
  2.3100000e+000 -6.1261000e-002
  2.3200000e+000 -4.6652000e-002
  2.3300000e+000 -3.4249000e-002
  2.3400000e+000 -2.7949000e-002
  2.3500000e+000 -2.6321000e-002
  2.3600000e+000 -2.0556000e-002
  2.3700000e+000 -8.6138000e-003
  2.3800000e+000 -2.1849000e-003
  2.3900000e+000 -9.7418000e-003
  2.4000000e+000 -2.3795000e-002
  2.4100000e+000 -3.0577000e-002
  2.4200000e+000 -2.5823000e-002
  2.4300000e+000 -1.2663000e-002
  2.4400000e+000  5.2513000e-003
  2.4500000e+000  2.2320000e-002
  2.4600000e+000  3.2519000e-002
  2.4700000e+000  3.7126000e-002
  2.4800000e+000  4.3989000e-002
  2.4900000e+000  5.4072000e-002
  2.5000000e+000  5.9126000e-002
  2.5100000e+000  5.4118000e-002
  2.5200000e+000  4.1771000e-002
  2.5300000e+000  2.4222000e-002
  2.5400000e+000  1.8994000e-003
  2.5500000e+000 -1.9138000e-002
  2.5600000e+000 -3.0995000e-002
  2.5700000e+000 -3.2743000e-002
  2.5800000e+000 -2.6912000e-002
  2.5900000e+000 -1.4733000e-002
  2.6000000e+000 -3.6251000e-003
  2.6100000e+000 -6.8072000e-003
  2.6200000e+000 -2.2952000e-002
  2.6300000e+000 -3.0060000e-002
  2.6400000e+000 -1.4089000e-002
  2.6500000e+000  1.1509000e-002
  2.6600000e+000  2.9309000e-002
  2.6700000e+000  4.3424000e-002
  2.6800000e+000  6.3277000e-002
  2.6900000e+000  7.9146000e-002
  2.7000000e+000  7.5493000e-002
  2.7100000e+000  5.3855000e-002
  2.7200000e+000  2.7470000e-002
  2.7300000e+000  5.0890000e-003
  2.7400000e+000 -8.9606000e-003
  2.7500000e+000 -1.4041000e-002
  2.7600000e+000 -2.0234000e-002
  2.7700000e+000 -3.9702000e-002
  2.7800000e+000 -6.5066000e-002
  2.7900000e+000 -7.2508000e-002
  2.8000000e+000 -5.4768000e-002
  2.8100000e+000 -3.2819000e-002
  2.8200000e+000 -3.0164000e-002
  2.8300000e+000 -4.8573000e-002
  2.8400000e+000 -7.2515000e-002
  2.8500000e+000 -8.5424000e-002
  2.8600000e+000 -8.0379000e-002
  2.8700000e+000 -6.4324000e-002
  2.8800000e+000 -5.0576000e-002
  2.8900000e+000 -4.4119000e-002
  2.9000000e+000 -3.7860000e-002
  2.9100000e+000 -2.8177000e-002
  2.9200000e+000 -2.2063000e-002
  2.9300000e+000 -2.3624000e-002
  2.9400000e+000 -2.6053000e-002
  2.9500000e+000 -2.4217000e-002
  2.9600000e+000 -2.2742000e-002
  2.9700000e+000 -2.4758000e-002
  2.9800000e+000 -2.5274000e-002
  2.9900000e+000 -2.2317000e-002
  3.0000000e+000 -2.3541000e-002
  3.0100000e+000 -3.3091000e-002
  3.0200000e+000 -4.2660000e-002
  3.0300000e+000 -4.5043000e-002
  3.0400000e+000 -4.6760000e-002
  3.0500000e+000 -5.4811000e-002
  3.0600000e+000 -6.1619000e-002
  3.0700000e+000 -5.5434000e-002
  3.0800000e+000 -3.9889000e-002
  3.0900000e+000 -2.8501000e-002
  3.1000000e+000 -2.5050000e-002
  3.1100000e+000 -1.9637000e-002
  3.1200000e+000 -4.2631000e-003
  3.1300000e+000  1.8984000e-002
  3.1400000e+000  4.4840000e-002
  3.1500000e+000  6.6939000e-002
  3.1600000e+000  7.4614000e-002
  3.1700000e+000  6.0716000e-002
  3.1800000e+000  3.6041000e-002
  3.1900000e+000  2.0559000e-002
  3.2000000e+000  2.1756000e-002
  3.2100000e+000  3.0725000e-002
  3.2200000e+000  4.0212000e-002
  3.2300000e+000  5.1102000e-002
  3.2400000e+000  6.1490000e-002
  3.2500000e+000  6.4644000e-002
  3.2600000e+000  6.1850000e-002
  3.2700000e+000  6.1591000e-002
  3.2800000e+000  6.4929000e-002
  3.2900000e+000  6.4261000e-002
  3.3000000e+000  5.7587000e-002
  3.3100000e+000  4.9663000e-002
  3.3200000e+000  4.1659000e-002
  3.3300000e+000  3.1693000e-002
  3.3400000e+000  2.4197000e-002
  3.3500000e+000  2.2417000e-002
  3.3600000e+000  1.7164000e-002
  3.3700000e+000  4.6561000e-005
  3.3800000e+000 -1.8837000e-002
  3.3900000e+000 -2.4609000e-002
  3.4000000e+000 -2.0781000e-002
  3.4100000e+000 -2.0636000e-002
  3.4200000e+000 -2.3007000e-002
  3.4300000e+000 -1.5393000e-002
  3.4400000e+000  4.0694000e-003
  3.4500000e+000  2.3932000e-002
  3.4600000e+000  3.6793000e-002
  3.4700000e+000  4.2198000e-002
  3.4800000e+000  3.8753000e-002
  3.4900000e+000  2.5242000e-002
  3.5000000e+000  7.5005000e-003
  3.5100000e+000 -7.4576000e-003
  3.5200000e+000 -1.7506000e-002
  3.5300000e+000 -2.2586000e-002
  3.5400000e+000 -2.2210000e-002
  3.5500000e+000 -1.9367000e-002
  3.5600000e+000 -1.9503000e-002
  3.5700000e+000 -2.4310000e-002
  3.5800000e+000 -3.0931000e-002
  3.5900000e+000 -3.5582000e-002
  3.6000000e+000 -3.3359000e-002
  3.6100000e+000 -1.9939000e-002
  3.6200000e+000  5.6145000e-004
  3.6300000e+000  1.6322000e-002
  3.6400000e+000  2.2082000e-002
  3.6500000e+000  2.3786000e-002
  3.6600000e+000  2.3546000e-002
  3.6700000e+000  1.6251000e-002
  3.6800000e+000  5.4799000e-003
  3.6900000e+000  5.1069000e-003
  3.7000000e+000  1.6837000e-002
  3.7100000e+000  2.4896000e-002
  3.7200000e+000  2.0787000e-002
  3.7300000e+000  1.4917000e-002
  3.7400000e+000  1.7911000e-002
  3.7500000e+000  2.4647000e-002
  3.7600000e+000  2.6663000e-002
  3.7700000e+000  2.4414000e-002
  3.7800000e+000  2.2488000e-002
  3.7900000e+000  2.2073000e-002
  3.8000000e+000  2.2758000e-002
  3.8100000e+000  2.1108000e-002
  3.8200000e+000  9.6948000e-003
  3.8300000e+000 -1.2532000e-002
  3.8400000e+000 -3.3173000e-002
  3.8500000e+000 -4.1062000e-002
  3.8600000e+000 -4.0715000e-002
  3.8700000e+000 -4.2370000e-002
  3.8800000e+000 -4.3820000e-002
  3.8900000e+000 -3.7066000e-002
  3.9000000e+000 -2.4896000e-002
  3.9100000e+000 -1.8432000e-002
  3.9200000e+000 -1.9662000e-002
  3.9300000e+000 -2.1507000e-002
  3.9400000e+000 -2.0389000e-002
  3.9500000e+000 -1.9460000e-002
  3.9600000e+000 -2.0526000e-002
  3.9700000e+000 -2.1468000e-002
  3.9800000e+000 -1.9177000e-002
  3.9900000e+000 -1.2157000e-002
  4.0000000e+000 -2.5192000e-003
  4.0100000e+000  3.5721000e-003
  4.0200000e+000  1.4734000e-003
  4.0300000e+000 -6.3070000e-003
  4.0400000e+000 -1.3983000e-002
  4.0500000e+000 -1.9581000e-002
  4.0600000e+000 -2.2359000e-002
  4.0700000e+000 -1.7762000e-002
  4.0800000e+000 -3.7880000e-003
  4.0900000e+000  1.2138000e-002
  4.1000000e+000  2.1458000e-002
  4.1100000e+000  2.4329000e-002
  4.1200000e+000  2.3499000e-002
  4.1300000e+000  1.7282000e-002
  4.1400000e+000  7.1932000e-003
  4.1500000e+000  2.8846000e-003
  4.1600000e+000  9.5447000e-003
  4.1700000e+000  2.0415000e-002
  4.1800000e+000  2.8560000e-002
  4.1900000e+000  3.5827000e-002
  4.2000000e+000  4.3502000e-002
  4.2100000e+000  4.6141000e-002
  4.2200000e+000  4.1195000e-002
  4.2300000e+000  3.5597000e-002
  4.2400000e+000  3.6571000e-002
  4.2500000e+000  4.2027000e-002
  4.2600000e+000  4.5484000e-002
  4.2700000e+000  4.4955000e-002
  4.2800000e+000  4.2697000e-002
  4.2900000e+000  3.9672000e-002
  4.3000000e+000  3.3094000e-002
  4.3100000e+000  2.0158000e-002
  4.3200000e+000  3.8488000e-003
  4.3300000e+000 -6.7720000e-003
  4.3400000e+000 -6.7579000e-003
  4.3500000e+000 -1.1563000e-003
  4.3600000e+000  2.4111000e-003
  4.3700000e+000  2.7895000e-003
  4.3800000e+000  1.6515000e-003
  4.3900000e+000 -2.2908000e-003
  4.4000000e+000 -1.0293000e-002
  4.4100000e+000 -1.8587000e-002
  4.4200000e+000 -2.2297000e-002
  4.4300000e+000 -2.0560000e-002
  4.4400000e+000 -1.5906000e-002
  4.4500000e+000 -1.1448000e-002
  4.4600000e+000 -1.0345000e-002
  4.4700000e+000 -1.3491000e-002
  4.4800000e+000 -1.8940000e-002
  4.4900000e+000 -2.3693000e-002
  4.5000000e+000 -2.5618000e-002
  4.5100000e+000 -2.2145000e-002
  4.5200000e+000 -1.3095000e-002
  4.5300000e+000 -3.0245000e-003
  4.5400000e+000  1.9813000e-003
  4.5500000e+000  2.0756000e-003
  4.5600000e+000  1.4340000e-003
  4.5700000e+000  7.9581000e-004
  4.5800000e+000 -3.1985000e-003
  4.5900000e+000 -1.0356000e-002
  4.6000000e+000 -1.7333000e-002
  4.6100000e+000 -2.3671000e-002
  4.6200000e+000 -3.1853000e-002
  4.6300000e+000 -4.0163000e-002
  4.6400000e+000 -4.2791000e-002
  4.6500000e+000 -3.7716000e-002
  4.6600000e+000 -3.0694000e-002
  4.6700000e+000 -2.9307000e-002
  4.6800000e+000 -3.4514000e-002
  4.6900000e+000 -3.9864000e-002
  4.7000000e+000 -3.8889000e-002
  4.7100000e+000 -3.1791000e-002
  4.7200000e+000 -2.4132000e-002
  4.7300000e+000 -1.9790000e-002
  4.7400000e+000 -1.8302000e-002
  4.7500000e+000 -1.7842000e-002
  4.7600000e+000 -1.8341000e-002
  4.7700000e+000 -1.8525000e-002
  4.7800000e+000 -1.4270000e-002
  4.7900000e+000 -2.7960000e-003
  4.8000000e+000  1.2049000e-002
  4.8100000e+000  2.2825000e-002
  4.8200000e+000  2.5260000e-002
  4.8300000e+000  2.1160000e-002
  4.8400000e+000  1.5163000e-002
  4.8500000e+000  1.2298000e-002
  4.8600000e+000  1.6010000e-002
  4.8700000e+000  2.5507000e-002
  4.8800000e+000  3.4758000e-002
  4.8900000e+000  3.7947000e-002
  4.9000000e+000  3.4241000e-002
  4.9100000e+000  2.6278000e-002
  4.9200000e+000  1.6779000e-002
  4.9300000e+000  8.8107000e-003
  4.9400000e+000  5.4047000e-003
  4.9500000e+000  5.4095000e-003
  4.9600000e+000  2.5485000e-003
  4.9700000e+000 -6.5704000e-003
  4.9800000e+000 -1.6219000e-002
  4.9900000e+000 -1.7731000e-002
  5.0000000e+000 -9.2802000e-003
  5.0100000e+000  4.1763000e-003
  5.0200000e+000  1.6841000e-002
  5.0300000e+000  2.4992000e-002
  5.0400000e+000  2.7284000e-002
  5.0500000e+000  2.5801000e-002
  5.0600000e+000  2.5293000e-002
  5.0700000e+000  2.8828000e-002
  5.0800000e+000  3.5174000e-002
  5.0900000e+000  3.9440000e-002
  5.1000000e+000  3.5178000e-002
  5.1100000e+000  1.8455000e-002
  5.1200000e+000 -4.9530000e-003
  5.1300000e+000 -2.1765000e-002
  5.1400000e+000 -2.5501000e-002
  5.1500000e+000 -2.4620000e-002
  5.1600000e+000 -2.9127000e-002
  5.1700000e+000 -3.5256000e-002
  5.1800000e+000 -3.2582000e-002
  5.1900000e+000 -2.1791000e-002
  5.2000000e+000 -1.4209000e-002
  5.2100000e+000 -1.6006000e-002
  5.2200000e+000 -2.3510000e-002
  5.2300000e+000 -3.1121000e-002
  5.2400000e+000 -3.5609000e-002
  5.2500000e+000 -3.4680000e-002
  5.2600000e+000 -2.8675000e-002
  5.2700000e+000 -2.1767000e-002
  5.2800000e+000 -1.6715000e-002
  5.2900000e+000 -1.2360000e-002
  5.3000000e+000 -7.7430000e-003
  5.3100000e+000 -4.2331000e-003
  5.3200000e+000 -7.1300000e-004
  5.3300000e+000  5.7999000e-003
  5.3400000e+000  1.3933000e-002
  5.3500000e+000  1.7997000e-002
  5.3600000e+000  1.6340000e-002
  5.3700000e+000  1.2863000e-002
  5.3800000e+000  1.0741000e-002
  5.3900000e+000  9.3036000e-003
  5.4000000e+000  8.0802000e-003
  5.4100000e+000  7.4671000e-003
  5.4200000e+000  7.6068000e-003
  5.4300000e+000  8.3905000e-003
  5.4400000e+000  9.0020000e-003
  5.4500000e+000  6.7417000e-003
  5.4600000e+000 -3.1898000e-005
  5.4700000e+000 -7.4096000e-003
  5.4800000e+000 -9.7155000e-003
  5.4900000e+000 -6.7986000e-003
  5.5000000e+000 -4.5644000e-003
  5.5100000e+000 -7.9113000e-003
  5.5200000e+000 -1.7035000e-002
  5.5300000e+000 -2.8106000e-002
  5.5400000e+000 -3.2923000e-002
  5.5500000e+000 -2.3462000e-002
  5.5600000e+000 -1.7811000e-003
  5.5700000e+000  1.9127000e-002
  5.5800000e+000  2.8805000e-002
  5.5900000e+000  2.8009000e-002
  5.6000000e+000  2.2012000e-002
  5.6100000e+000  1.2541000e-002
  5.6200000e+000  6.1037000e-004
  5.6300000e+000 -9.0323000e-003
  5.6400000e+000 -1.2179000e-002
  5.6500000e+000 -1.1119000e-002
  5.6600000e+000 -1.0461000e-002
  5.6700000e+000 -1.1021000e-002
  5.6800000e+000 -1.0972000e-002
  5.6900000e+000 -1.0444000e-002
  5.7000000e+000 -1.0581000e-002
  5.7100000e+000 -1.1002000e-002
  5.7200000e+000 -1.0758000e-002
  5.7300000e+000 -1.0405000e-002
  5.7400000e+000 -1.0751000e-002
  5.7500000e+000 -1.0985000e-002
  5.7600000e+000 -1.0602000e-002
  5.7700000e+000 -1.0783000e-002
  5.7800000e+000 -1.0641000e-002
  5.7900000e+000 -4.0823000e-003
  5.8000000e+000  1.2280000e-002
  5.8100000e+000  2.9532000e-002
  5.8200000e+000  3.2830000e-002
  5.8300000e+000  2.1205000e-002
  5.8400000e+000  1.0064000e-002
  5.8500000e+000  9.9135000e-003
  5.8600000e+000  1.1724000e-002
  5.8700000e+000  3.5661000e-003
  5.8800000e+000 -9.8235000e-003
  5.8900000e+000 -1.3789000e-002
  5.9000000e+000 -5.5612000e-003
  5.9100000e+000  5.1957000e-003
  5.9200000e+000  1.1885000e-002
  5.9300000e+000  1.7561000e-002
  5.9400000e+000  2.4691000e-002
  5.9500000e+000  3.1413000e-002
  5.9600000e+000  3.5439000e-002
  5.9700000e+000  3.6345000e-002
  5.9800000e+000  3.4088000e-002
  5.9900000e+000  3.1247000e-002
  6.0000000e+000  3.1102000e-002
  6.0100000e+000  3.2743000e-002
  6.0200000e+000  3.1431000e-002
  6.0300000e+000  2.6743000e-002
  6.0400000e+000  2.3995000e-002
  6.0500000e+000  2.6636000e-002
  6.0600000e+000  3.1168000e-002
  6.0700000e+000  3.3045000e-002
  6.0800000e+000  3.1964000e-002
  6.0900000e+000  3.0446000e-002
  6.1000000e+000  3.1305000e-002
  6.1100000e+000  3.5024000e-002
  6.1200000e+000  3.7780000e-002
  6.1300000e+000  3.4615000e-002
  6.1400000e+000  2.6874000e-002
  6.1500000e+000  2.0196000e-002
  6.1600000e+000  1.5146000e-002
  6.1700000e+000  6.7421000e-003
  6.1800000e+000 -6.1440000e-003
  6.1900000e+000 -1.8025000e-002
  6.2000000e+000 -2.5974000e-002
  6.2100000e+000 -3.1451000e-002
  6.2200000e+000 -3.3732000e-002
  6.2300000e+000 -2.8950000e-002
  6.2400000e+000 -1.8878000e-002
  6.2500000e+000 -1.1152000e-002
  6.2600000e+000 -9.3889000e-003
  6.2700000e+000 -1.0817000e-002
  6.2800000e+000 -1.3461000e-002
  6.2900000e+000 -1.8327000e-002
  6.3000000e+000 -2.3788000e-002
  6.3100000e+000 -2.7439000e-002
  6.3200000e+000 -3.1935000e-002
  6.3300000e+000 -4.2494000e-002
  6.3400000e+000 -5.6411000e-002
  6.3500000e+000 -6.3478000e-002
  6.3600000e+000 -5.8758000e-002
  6.3700000e+000 -4.8415000e-002
  6.3800000e+000 -4.0190000e-002
  6.3900000e+000 -3.5065000e-002
  6.4000000e+000 -3.1927000e-002
  6.4100000e+000 -3.1953000e-002
  6.4200000e+000 -3.4211000e-002
  6.4300000e+000 -3.2223000e-002
  6.4400000e+000 -2.2679000e-002
  6.4500000e+000 -1.2568000e-002
  6.4600000e+000 -1.0427000e-002
  6.4700000e+000 -1.3303000e-002
  6.4800000e+000 -1.1247000e-002
  6.4900000e+000 -2.2466000e-003
  6.5000000e+000  7.1125000e-003
  6.5100000e+000  1.4159000e-002
  6.5200000e+000  2.2309000e-002
  6.5300000e+000  3.0312000e-002
  6.5400000e+000  3.2088000e-002
  6.5500000e+000  2.8653000e-002
  6.5600000e+000  2.9672000e-002
  6.5700000e+000  3.8926000e-002
  6.5800000e+000  4.8796000e-002
  6.5900000e+000  5.2249000e-002
  6.6000000e+000  5.1790000e-002
  6.6100000e+000  5.1127000e-002
  6.6200000e+000  4.8321000e-002
  6.6300000e+000  4.1420000e-002
  6.6400000e+000  3.3982000e-002
  6.6500000e+000  2.9985000e-002
  6.6600000e+000  2.9344000e-002
  6.6700000e+000  2.9733000e-002
  6.6800000e+000  2.9825000e-002
  6.6900000e+000  2.9716000e-002
  6.7000000e+000  2.9518000e-002
  6.7100000e+000  2.7990000e-002
  6.7200000e+000  2.2751000e-002
  6.7300000e+000  1.3728000e-002
  6.7400000e+000  3.8474000e-003
  6.7500000e+000 -4.9231000e-003
  6.7600000e+000 -1.4612000e-002
  6.7700000e+000 -2.5548000e-002
  6.7800000e+000 -3.1702000e-002
  6.7900000e+000 -2.7718000e-002
  6.8000000e+000 -1.7788000e-002
  6.8100000e+000 -1.1236000e-002
  6.8200000e+000 -1.1516000e-002
  6.8300000e+000 -1.5141000e-002
  6.8400000e+000 -1.7367000e-002
  6.8500000e+000 -1.6862000e-002
  6.8600000e+000 -1.5243000e-002
  6.8700000e+000 -1.4364000e-002
  6.8800000e+000 -1.3547000e-002
  6.8900000e+000 -1.2498000e-002
  6.9000000e+000 -1.3935000e-002
  6.9100000e+000 -1.9577000e-002
  6.9200000e+000 -2.4250000e-002
  6.9300000e+000 -2.1796000e-002
  6.9400000e+000 -1.6382000e-002
  6.9500000e+000 -1.8564000e-002
  6.9600000e+000 -2.9787000e-002
  6.9700000e+000 -3.9605000e-002
  6.9800000e+000 -4.0796000e-002
  6.9900000e+000 -3.6830000e-002
  7.0000000e+000 -3.4638000e-002
  7.0100000e+000 -3.5248000e-002
  7.0200000e+000 -3.5711000e-002
  7.0300000e+000 -3.4732000e-002
  7.0400000e+000 -3.4278000e-002
  7.0500000e+000 -3.5699000e-002
  7.0600000e+000 -3.6675000e-002
  7.0700000e+000 -3.3139000e-002
  7.0800000e+000 -2.4722000e-002
  7.0900000e+000 -1.6246000e-002
  7.1000000e+000 -1.2287000e-002
  7.1100000e+000 -1.2802000e-002
  7.1200000e+000 -1.5107000e-002
  7.1300000e+000 -1.5506000e-002
  7.1400000e+000 -1.0474000e-002
  7.1500000e+000 -5.8248000e-004
  7.1600000e+000  7.4416000e-003
  7.1700000e+000  8.4121000e-003
  7.1800000e+000  6.1485000e-003
  7.1900000e+000  9.1248000e-003
  7.2000000e+000  1.9124000e-002
  7.2100000e+000  2.8599000e-002
  7.2200000e+000  3.0662000e-002
  7.2300000e+000  2.7659000e-002
  7.2400000e+000  2.7019000e-002
  7.2500000e+000  3.0460000e-002
  7.2600000e+000  3.0839000e-002
  7.2700000e+000  2.2933000e-002
  7.2800000e+000  1.2310000e-002
  7.2900000e+000  7.2269000e-003
  7.3000000e+000  4.5760000e-003
  7.3100000e+000 -3.4027000e-003
  7.3200000e+000 -1.3896000e-002
  7.3300000e+000 -1.5899000e-002
  7.3400000e+000 -7.1290000e-003
  7.3500000e+000  3.7901000e-003
  7.3600000e+000  9.6639000e-003
  7.3700000e+000  9.4270000e-003
  7.3800000e+000  2.5485000e-003
  7.3900000e+000 -9.1229000e-003
  7.4000000e+000 -1.5728000e-002
  7.4100000e+000 -9.5661000e-003
  7.4200000e+000  2.8309000e-003
  7.4300000e+000  8.7624000e-003
  7.4400000e+000  7.2719000e-003
  7.4500000e+000  6.4402000e-003
  7.4600000e+000  8.3848000e-003
  7.4700000e+000  8.3697000e-003
  7.4800000e+000  6.4678000e-003
  7.4900000e+000  6.9756000e-003
  7.5000000e+000  8.9464000e-003
  7.5100000e+000  8.3025000e-003
  7.5200000e+000  5.4688000e-003
  7.5300000e+000  1.9873000e-003
  7.5400000e+000 -6.2408000e-003
  7.5500000e+000 -2.0471000e-002
  7.5600000e+000 -3.0756000e-002
  7.5700000e+000 -2.7285000e-002
  7.5800000e+000 -1.6572000e-002
  7.5900000e+000 -1.1511000e-002
  7.6000000e+000 -1.3012000e-002
  7.6100000e+000 -1.3750000e-002
  7.6200000e+000 -1.3051000e-002
  7.6300000e+000 -1.3942000e-002
  7.6400000e+000 -1.2695000e-002
  7.6500000e+000 -4.6495000e-003
  7.6600000e+000  5.3821000e-003
  7.6700000e+000  9.4670000e-003
  7.6800000e+000  8.4247000e-003
  7.6900000e+000  7.7026000e-003
  7.7000000e+000  8.2471000e-003
  7.7100000e+000  8.4342000e-003
  7.7200000e+000  8.5632000e-003
  7.7300000e+000  8.3514000e-003
  7.7400000e+000  7.2725000e-003
  7.7500000e+000  8.9457000e-003
  7.7600000e+000  1.6915000e-002
  7.7700000e+000  2.6637000e-002
  7.7800000e+000  3.0716000e-002
  7.7900000e+000  3.0150000e-002
  7.8000000e+000  2.9842000e-002
  7.8100000e+000  2.8415000e-002
  7.8200000e+000  2.2767000e-002
  7.8300000e+000  1.8306000e-002
  7.8400000e+000  2.1601000e-002
  7.8500000e+000  2.8783000e-002
  7.8600000e+000  3.1231000e-002
  7.8700000e+000  2.9307000e-002
  7.8800000e+000  2.9339000e-002
  7.8900000e+000  3.1324000e-002
  7.9000000e+000  2.8830000e-002
  7.9100000e+000  2.0148000e-002
  7.9200000e+000  1.0423000e-002
  7.9300000e+000  4.6559000e-003
  7.9400000e+000  3.4713000e-003
  7.9500000e+000  5.7562000e-003
  7.9600000e+000  8.8796000e-003
  7.9700000e+000  9.9934000e-003
  7.9800000e+000  8.6609000e-003
  7.9900000e+000  8.0509000e-003
  8.0000000e+000  9.3597000e-003
  8.0100000e+000  9.1614000e-003
  8.0200000e+000  4.1044000e-003
  8.0300000e+000 -3.5075000e-003
  8.0400000e+000 -9.4276000e-003
  8.0500000e+000 -1.2481000e-002
  8.0600000e+000 -1.2839000e-002
  8.0700000e+000 -8.5429000e-003
  8.0800000e+000  4.6105000e-004
  8.0900000e+000  7.4085000e-003
  8.1000000e+000  4.8187000e-003
  8.1100000e+000 -5.7607000e-003
  8.1200000e+000 -1.5559000e-002
  8.1300000e+000 -1.9596000e-002
  8.1400000e+000 -1.8751000e-002
  8.1500000e+000 -1.5291000e-002
  8.1600000e+000 -1.2168000e-002
  8.1700000e+000 -1.4041000e-002
  8.1800000e+000 -2.2197000e-002
  8.1900000e+000 -3.0585000e-002
  8.2000000e+000 -3.3150000e-002
  8.2100000e+000 -3.2193000e-002
  8.2200000e+000 -3.3501000e-002
  8.2300000e+000 -3.4968000e-002
  8.2400000e+000 -2.9882000e-002
  8.2500000e+000 -1.9087000e-002
  8.2600000e+000 -1.1382000e-002
  8.2700000e+000 -1.0689000e-002
  8.2800000e+000 -1.2351000e-002
  8.2900000e+000 -1.1970000e-002
  8.3000000e+000 -1.1021000e-002
  8.3100000e+000 -1.1513000e-002
  8.3200000e+000 -1.2060000e-002
  8.3300000e+000 -1.1408000e-002
  8.3400000e+000 -1.1043000e-002
  8.3500000e+000 -1.1731000e-002
  8.3600000e+000 -1.1800000e-002
  8.3700000e+000 -1.0952000e-002
  8.3800000e+000 -1.1269000e-002
  8.3900000e+000 -1.2230000e-002
  8.4000000e+000 -1.0308000e-002
  8.4100000e+000 -4.5030000e-003
  8.4200000e+000  1.6375000e-003
  8.4300000e+000  6.7421000e-003
  8.4400000e+000  1.2928000e-002
  8.4500000e+000  2.0083000e-002
  8.4600000e+000  2.3415000e-002
  8.4700000e+000  2.1669000e-002
  8.4800000e+000  1.9665000e-002
  8.4900000e+000  2.0852000e-002
  8.5000000e+000  2.1815000e-002
  8.5100000e+000  1.8675000e-002
  8.5200000e+000  1.3158000e-002
  8.5300000e+000  9.7261000e-003
  8.5400000e+000  9.4824000e-003
  8.5500000e+000  1.0406000e-002
  8.5600000e+000  1.0587000e-002
  8.5700000e+000  9.9617000e-003
  8.5800000e+000  9.7295000e-003
  8.5900000e+000  1.0473000e-002
  8.6000000e+000  1.0809000e-002
  8.6100000e+000  9.9326000e-003
  8.6200000e+000  9.7121000e-003
  8.6300000e+000  1.0939000e-002
  8.6400000e+000  1.0969000e-002
  8.6500000e+000  9.2923000e-003
  8.6600000e+000  9.9857000e-003
  8.6700000e+000  1.2634000e-002
  8.6800000e+000  9.3560000e-003
  8.6900000e+000 -1.6569000e-003
  8.7000000e+000 -9.9279000e-003
  8.7100000e+000 -9.8624000e-003
  8.7200000e+000 -1.0996000e-002
  8.7300000e+000 -2.0477000e-002
  8.7400000e+000 -3.0043000e-002
  8.7500000e+000 -3.1894000e-002
  8.7600000e+000 -3.1787000e-002
  8.7700000e+000 -3.3039000e-002
  8.7800000e+000 -2.7415000e-002
  8.7900000e+000 -1.3795000e-002
  8.8000000e+000 -8.1025000e-003
  8.8100000e+000 -1.8185000e-002
  8.8200000e+000 -3.0468000e-002
  8.8300000e+000 -3.2296000e-002
  8.8400000e+000 -3.0160000e-002
  8.8500000e+000 -3.1633000e-002
  8.8600000e+000 -3.0350000e-002
  8.8700000e+000 -2.0542000e-002
  8.8800000e+000 -1.0329000e-002
  8.8900000e+000 -8.0320000e-003
  8.9000000e+000 -9.7970000e-003
  8.9100000e+000 -9.6081000e-003
  8.9200000e+000 -8.9817000e-003
  8.9300000e+000 -9.7847000e-003
  8.9400000e+000 -7.9852000e-003
  8.9500000e+000 -1.9280000e-004
  8.9600000e+000  1.1356000e-002
  8.9700000e+000  2.2500000e-002
  8.9800000e+000  3.0679000e-002
  8.9900000e+000  3.4379000e-002
  9.0000000e+000  3.4342000e-002
  9.0100000e+000  3.3360000e-002
  9.0200000e+000  3.3311000e-002
  9.0300000e+000  3.3755000e-002
  9.0400000e+000  3.4366000e-002
  9.0500000e+000  3.4329000e-002
  9.0600000e+000  3.1753000e-002
  9.0700000e+000  2.6413000e-002
  9.0800000e+000  2.1296000e-002
  9.0900000e+000  1.7663000e-002
  9.1000000e+000  1.4200000e-002
  9.1100000e+000  1.1688000e-002
  9.1200000e+000  1.2602000e-002
  9.1300000e+000  1.4472000e-002
  9.1400000e+000  1.2516000e-002
  9.1500000e+000  1.0593000e-002
  9.1600000e+000  1.7409000e-002
  9.1700000e+000  3.0702000e-002
  9.1800000e+000  3.6457000e-002
  9.1900000e+000  2.9236000e-002
  9.2000000e+000  1.8624000e-002
  9.2100000e+000  1.3498000e-002
  9.2200000e+000  1.0862000e-002
  9.2300000e+000  5.6829000e-003
  9.2400000e+000  1.1628000e-003
  9.2500000e+000  2.9752000e-003
  9.2600000e+000  9.7441000e-003
  9.2700000e+000  1.4360000e-002
  9.2800000e+000  1.3824000e-002
  9.2900000e+000  1.2236000e-002
  9.3000000e+000  1.3904000e-002
  9.3100000e+000  1.5741000e-002
  9.3200000e+000  1.1537000e-002
  9.3300000e+000  2.7554000e-003
  9.3400000e+000 -2.7860000e-003
  9.3500000e+000 -3.5563000e-003
  9.3600000e+000 -6.0334000e-003
  9.3700000e+000 -9.2713000e-003
  9.3800000e+000 -4.0753000e-003
  9.3900000e+000  9.5362000e-003
  9.4000000e+000  1.7139000e-002
  9.4100000e+000  1.2677000e-002
  9.4200000e+000  7.6002000e-003
  9.4300000e+000  1.1534000e-002
  9.4400000e+000  1.5545000e-002
  9.4500000e+000  8.1557000e-003
  9.4600000e+000 -7.2658000e-003
  9.4700000e+000 -1.9494000e-002
  9.4800000e+000 -2.5366000e-002
  9.4900000e+000 -2.7658000e-002
  9.5000000e+000 -2.8195000e-002
  9.5100000e+000 -2.8926000e-002
  9.5200000e+000 -3.2612000e-002
  9.5300000e+000 -3.7686000e-002
  9.5400000e+000 -3.9730000e-002
  9.5500000e+000 -3.8924000e-002
  9.5600000e+000 -3.8652000e-002
  9.5700000e+000 -3.8147000e-002
  9.5800000e+000 -3.4424000e-002
  9.5900000e+000 -2.9055000e-002
  9.6000000e+000 -2.5203000e-002
  9.6100000e+000 -2.0715000e-002
  9.6200000e+000 -1.3301000e-002
  9.6300000e+000 -6.9561000e-003
  9.6400000e+000 -6.5570000e-003
  9.6500000e+000 -8.2468000e-003
  9.6600000e+000 -4.6911000e-003
  9.6700000e+000  4.5016000e-003
  9.6800000e+000  1.2942000e-002
  9.6900000e+000  1.6564000e-002
  9.7000000e+000  1.5599000e-002
  9.7100000e+000  1.1589000e-002
  9.7200000e+000  6.6658000e-003
  9.7300000e+000  3.9809000e-003
  9.7400000e+000  3.8597000e-003
  9.7500000e+000  2.9789000e-003
  9.7600000e+000 -1.2277000e-003
  9.7700000e+000 -6.5693000e-003
  9.7800000e+000 -8.6482000e-003
  9.7900000e+000 -4.7023000e-003
  9.8000000e+000  4.2541000e-003
  9.8100000e+000  1.2923000e-002
  9.8200000e+000  1.4792000e-002
  9.8300000e+000  8.2224000e-003
  9.8400000e+000 -9.8436000e-004
  9.8500000e+000 -5.8575000e-003
  9.8600000e+000 -4.9276000e-003
  9.8700000e+000 -8.8699000e-004
  9.8800000e+000  4.9917000e-003
  9.8900000e+000  1.2949000e-002
  9.9000000e+000  2.0168000e-002
  9.9100000e+000  2.2434000e-002
  9.9200000e+000  1.9376000e-002
  9.9300000e+000  1.5320000e-002
  9.9400000e+000  1.3509000e-002
  9.9500000e+000  1.3805000e-002
  9.9600000e+000  1.4464000e-002
  9.9700000e+000  1.4408000e-002
  9.9800000e+000  1.3672000e-002
  9.9900000e+000  1.3524000e-002
  1.0000000e+001  1.4629000e-002
  1.0010000e+001  1.4101000e-002
  1.0020000e+001  8.0770000e-003
  1.0030000e+001 -1.6496000e-003
  1.0040000e+001 -8.0472000e-003
  1.0050000e+001 -8.3211000e-003
  1.0060000e+001 -7.0901000e-003
  1.0070000e+001 -8.1906000e-003
  1.0080000e+001 -8.5931000e-003
  1.0090000e+001 -5.5618000e-003
  1.0100000e+001 -2.8424000e-003
  1.0110000e+001 -4.9707000e-003
  1.0120000e+001 -8.8904000e-003
  1.0130000e+001 -9.4474000e-003
  1.0140000e+001 -7.5833000e-003
  1.0150000e+001 -7.7037000e-003
  1.0160000e+001 -9.3036000e-003
  1.0170000e+001 -8.9444000e-003
  1.0180000e+001 -7.4898000e-003
  1.0190000e+001 -8.6583000e-003
  1.0200000e+001 -1.0406000e-002
  1.0210000e+001 -6.8642000e-003
  1.0220000e+001  5.8491000e-004
  1.0230000e+001  2.6044000e-003
  1.0240000e+001 -3.4605000e-003
  1.0250000e+001 -8.0823000e-003
  1.0260000e+001 -2.0173000e-003
  1.0270000e+001  1.1164000e-002
  1.0280000e+001  2.1329000e-002
  1.0290000e+001  2.4185000e-002
  1.0300000e+001  2.2735000e-002
  1.0310000e+001  1.9905000e-002
  1.0320000e+001  1.6150000e-002
  1.0330000e+001  1.1629000e-002
  1.0340000e+001  6.9836000e-003
  1.0350000e+001  3.2527000e-003
  1.0360000e+001  9.0731000e-004
  1.0370000e+001 -1.7334000e-003
  1.0380000e+001 -6.5375000e-003
  1.0390000e+001 -1.1005000e-002
  1.0400000e+001 -1.0970000e-002
  1.0410000e+001 -8.6667000e-003
  1.0420000e+001 -1.1198000e-002
  1.0430000e+001 -1.8703000e-002
  1.0440000e+001 -2.2024000e-002
  1.0450000e+001 -1.6895000e-002
  1.0460000e+001 -1.1181000e-002
  1.0470000e+001 -1.2030000e-002
  1.0480000e+001 -1.5100000e-002
  1.0490000e+001 -1.3694000e-002
  1.0500000e+001 -1.0085000e-002
  1.0510000e+001 -9.4921000e-003
  1.0520000e+001 -1.1070000e-002
  1.0530000e+001 -1.1106000e-002
  1.0540000e+001 -1.0137000e-002
  1.0550000e+001 -1.0392000e-002
  1.0560000e+001 -1.1149000e-002
  1.0570000e+001 -1.0820000e-002
  1.0580000e+001 -1.0333000e-002
  1.0590000e+001 -1.0803000e-002
  1.0600000e+001 -1.1162000e-002
  1.0610000e+001 -1.0703000e-002
  1.0620000e+001 -1.0554000e-002
  1.0630000e+001 -1.1032000e-002
  1.0640000e+001 -1.1004000e-002
  1.0650000e+001 -1.0532000e-002
  1.0660000e+001 -1.0757000e-002
  1.0670000e+001 -1.1256000e-002
  1.0680000e+001 -1.0898000e-002
  1.0690000e+001 -1.0454000e-002
  1.0700000e+001 -1.1156000e-002
  1.0710000e+001 -1.1752000e-002
  1.0720000e+001 -1.0091000e-002
  1.0730000e+001 -6.5721000e-003
  1.0740000e+001 -2.5031000e-003
  1.0750000e+001  2.3169000e-003
  1.0760000e+001  7.6660000e-003
  1.0770000e+001  1.0725000e-002
  1.0780000e+001  1.0467000e-002
  1.0790000e+001  9.5731000e-003
  1.0800000e+001  1.0074000e-002
  1.0810000e+001  1.0535000e-002
  1.0820000e+001  9.7908000e-003
  1.0830000e+001  8.8218000e-003
  1.0840000e+001  7.4502000e-003
  1.0850000e+001  4.3368000e-003
  1.0860000e+001  7.5884000e-004
  1.0870000e+001  3.2224000e-004
  1.0880000e+001  2.4477000e-003
  1.0890000e+001  2.7125000e-003
  1.0900000e+001  5.7826000e-004
  1.0910000e+001  1.0741000e-003
  1.0920000e+001  6.2768000e-003
  1.0930000e+001  1.1253000e-002
  1.0940000e+001  1.1309000e-002
  1.0950000e+001  8.3604000e-003
  1.0960000e+001  8.2973000e-003
  1.0970000e+001  1.3027000e-002
  1.0980000e+001  1.8536000e-002
  1.0990000e+001  2.0218000e-002
  1.1000000e+001  1.9934000e-002
  1.1010000e+001  2.2842000e-002
  1.1020000e+001  2.8605000e-002
  1.1030000e+001  2.9715000e-002
  1.1040000e+001  2.2525000e-002
  1.1050000e+001  1.3393000e-002
  1.1060000e+001  1.0020000e-002
  1.1070000e+001  1.1289000e-002
  1.1080000e+001  1.1347000e-002
  1.1090000e+001  8.8143000e-003
  1.1100000e+001  5.9294000e-003
  1.1110000e+001  2.3130000e-003
  1.1120000e+001 -3.2426000e-003
  1.1130000e+001 -7.5153000e-003
  1.1140000e+001 -6.0987000e-003
  1.1150000e+001 -1.0090000e-003
  1.1160000e+001  2.1137000e-003
  1.1170000e+001  1.8369000e-003
  1.1180000e+001  2.9142000e-004
  1.1190000e+001 -2.4496000e-003
  1.1200000e+001 -7.0730000e-003
  1.1210000e+001 -1.0758000e-002
  1.1220000e+001 -9.7357000e-003
  1.1230000e+001 -4.8909000e-003
  1.1240000e+001 -6.0917000e-004
  1.1250000e+001  1.7815000e-003
  1.1260000e+001  5.0045000e-003
  1.1270000e+001  9.4080000e-003
  1.1280000e+001  1.1370000e-002
  1.1290000e+001  8.9932000e-003
  1.1300000e+001  5.3091000e-003
  1.1310000e+001  3.5761000e-003
  1.1320000e+001  3.5541000e-003
  1.1330000e+001  2.9165000e-003
  1.1340000e+001  2.1375000e-003
  1.1350000e+001  4.3128000e-003
  1.1360000e+001  1.0115000e-002
  1.1370000e+001  1.4576000e-002
  1.1380000e+001  1.2703000e-002
  1.1390000e+001  5.3078000e-003
  1.1400000e+001 -2.1325000e-003
  1.1410000e+001 -5.9994000e-003
  1.1420000e+001 -6.6875000e-003
  1.1430000e+001 -6.3005000e-003
  1.1440000e+001 -6.0058000e-003
  1.1450000e+001 -6.0520000e-003
  1.1460000e+001 -6.0445000e-003
  1.1470000e+001 -5.6866000e-003
  1.1480000e+001 -5.4174000e-003
  1.1490000e+001 -5.6159000e-003
  1.1500000e+001 -5.5874000e-003
  1.1510000e+001 -4.9675000e-003
  1.1520000e+001 -4.8174000e-003
  1.1530000e+001 -5.4132000e-003
  1.1540000e+001 -5.1576000e-003
  1.1550000e+001 -3.7465000e-003
  1.1560000e+001 -4.1860000e-003
  1.1570000e+001 -7.4676000e-003
  1.1580000e+001 -9.6555000e-003
  1.1590000e+001 -7.3331000e-003
  1.1600000e+001 -3.7089000e-003
  1.1610000e+001 -2.9560000e-003
  1.1620000e+001 -4.2310000e-003
  1.1630000e+001 -4.2725000e-003
  1.1640000e+001 -3.3261000e-003
  1.1650000e+001 -3.2750000e-003
  1.1660000e+001 -3.7945000e-003
  1.1670000e+001 -3.5119000e-003
  1.1680000e+001 -2.9491000e-003
  1.1690000e+001 -3.1081000e-003
  1.1700000e+001 -3.3164000e-003
  1.1710000e+001 -2.9002000e-003
  1.1720000e+001 -2.6158000e-003
  1.1730000e+001 -2.8404000e-003
  1.1740000e+001 -2.7889000e-003
  1.1750000e+001 -2.3549000e-003
  1.1760000e+001 -2.3102000e-003
  1.1770000e+001 -2.5078000e-003
  1.1780000e+001 -2.2247000e-003
  1.1790000e+001 -1.8546000e-003
  1.1800000e+001 -2.0338000e-003
  1.1810000e+001 -2.1207000e-003
  1.1820000e+001 -1.6122000e-003
  1.1830000e+001 -1.4052000e-003
  1.1840000e+001 -1.8082000e-003
  1.1850000e+001 -1.6547000e-003
  1.1860000e+001 -9.1045000e-004
  1.1870000e+001 -1.0724000e-003
  1.1880000e+001 -1.7723000e-003
  1.1890000e+001 -8.9757000e-004
  1.1900000e+001  2.3368000e-004
  1.1910000e+001 -2.5368000e-003
  1.1920000e+001 -8.7653000e-003
  1.1930000e+001 -1.1667000e-002
  1.1940000e+001 -7.7410000e-003
  1.1950000e+001 -1.6611000e-003
  1.1960000e+001  7.1704000e-004
  1.1970000e+001 -7.5643000e-005
  1.1980000e+001 -6.1089000e-004
  1.1990000e+001 -1.4136000e-005
  1.2000000e+001  7.1335000e-004
  1.2010000e+001  6.9486000e-004
  1.2020000e+001 -1.5048000e-003
  1.2030000e+001 -7.3397000e-003
  1.2040000e+001 -1.4756000e-002
  1.2050000e+001 -1.9675000e-002
  1.2060000e+001 -2.0631000e-002
  1.2070000e+001 -2.0157000e-002
  1.2080000e+001 -2.0117000e-002
  1.2090000e+001 -2.0119000e-002
  1.2100000e+001 -1.9754000e-002
  1.2110000e+001 -1.9640000e-002
  1.2120000e+001 -1.9712000e-002
  1.2130000e+001 -1.9628000e-002
  1.2140000e+001 -1.9495000e-002
  1.2150000e+001 -1.8458000e-002
  1.2160000e+001 -1.4027000e-002
  1.2170000e+001 -6.2406000e-003
  1.2180000e+001  6.8902000e-004
  1.2190000e+001  2.9714000e-003
  1.2200000e+001  2.3104000e-003
  1.2210000e+001  2.0980000e-003
  1.2220000e+001  2.5656000e-003
  1.2230000e+001  2.3462000e-003
  1.2240000e+001  2.1197000e-003
  1.2250000e+001  2.6183000e-003
  1.2260000e+001  2.7167000e-003
  1.2270000e+001  2.1120000e-003
  1.2280000e+001  2.3203000e-003
  1.2290000e+001  3.2036000e-003
  1.2300000e+001  2.7956000e-003
  1.2310000e+001  1.6608000e-003
  1.2320000e+001  2.8896000e-003
  1.2330000e+001  5.9058000e-003
  1.2340000e+001  6.6002000e-003
  1.2350000e+001  4.8785000e-003
  1.2360000e+001  5.1036000e-003
  1.2370000e+001  7.2493000e-003
  1.2380000e+001  6.4327000e-003
  1.2390000e+001  2.7358000e-003
  1.2400000e+001  1.4677000e-003
  1.2410000e+001  3.5401000e-003
  1.2420000e+001  3.9644000e-003
  1.2430000e+001  2.0256000e-003
  1.2440000e+001  3.1423000e-003
  1.2450000e+001  8.8738000e-003
  1.2460000e+001  1.3404000e-002
  1.2470000e+001  1.3700000e-002
  1.2480000e+001  1.4170000e-002
  1.2490000e+001  1.7162000e-002
  1.2500000e+001  1.8403000e-002
  1.2510000e+001  1.5511000e-002
  1.2520000e+001  1.2965000e-002
  1.2530000e+001  1.4018000e-002
  1.2540000e+001  1.5249000e-002
  1.2550000e+001  1.2632000e-002
  1.2560000e+001  7.7902000e-003
  1.2570000e+001  4.3848000e-003
  1.2580000e+001  2.4688000e-003
  1.2590000e+001  6.3560000e-004
  1.2600000e+001 -9.8657000e-005
  1.2610000e+001  1.7224000e-003
  1.2620000e+001  4.2173000e-003
  1.2630000e+001  4.6610000e-003
  1.2640000e+001  3.4622000e-003
  1.2650000e+001  3.2301000e-003
  1.2660000e+001  4.2782000e-003
  1.2670000e+001  4.4693000e-003
  1.2680000e+001  3.4457000e-003
  1.2690000e+001  3.4790000e-003
  1.2700000e+001  4.8037000e-003
  1.2710000e+001  4.6565000e-003
  1.2720000e+001  2.8820000e-003
  1.2730000e+001  3.7837000e-003
  1.2740000e+001  9.1197000e-003
  1.2750000e+001  1.3593000e-002
  1.2760000e+001  1.2678000e-002
  1.2770000e+001  1.0040000e-002
  1.2780000e+001  1.1733000e-002
  1.2790000e+001  1.5621000e-002
  1.2800000e+001  1.4975000e-002
  1.2810000e+001  8.8701000e-003
  1.2820000e+001  3.7126000e-003
  1.2830000e+001  3.5363000e-003
  1.2840000e+001  5.5937000e-003
  1.2850000e+001  5.2084000e-003
  1.2860000e+001  1.8717000e-003
  1.2870000e+001 -2.0744000e-003
  1.2880000e+001 -5.7199000e-003
  1.2890000e+001 -1.0189000e-002
  1.2900000e+001 -1.5257000e-002
  1.2910000e+001 -1.7703000e-002
  1.2920000e+001 -1.5124000e-002
  1.2930000e+001 -8.5982000e-003
  1.2940000e+001 -1.6308000e-003
  1.2950000e+001  3.3412000e-003
  1.2960000e+001  5.2411000e-003
  1.2970000e+001  4.8801000e-003
  1.2980000e+001  4.2231000e-003
  1.2990000e+001  4.9851000e-003
  1.3000000e+001  5.9307000e-003
  1.3010000e+001  3.3634000e-003
  1.3020000e+001 -3.8151000e-003
  1.3030000e+001 -1.1295000e-002
  1.3040000e+001 -1.3141000e-002
  1.3050000e+001 -9.4855000e-003
  1.3060000e+001 -5.7543000e-003
  1.3070000e+001 -5.8978000e-003
  1.3080000e+001 -6.9804000e-003
  1.3090000e+001 -4.6284000e-003
  1.3100000e+001 -1.7474000e-004
  1.3110000e+001  1.1072000e-003
  1.3120000e+001 -9.8242000e-004
  1.3130000e+001 -2.0130000e-003
  1.3140000e+001 -1.2409000e-003
  1.3150000e+001 -2.4164000e-003
  1.3160000e+001 -5.4284000e-003
  1.3170000e+001 -6.1929000e-003
  1.3180000e+001 -4.9364000e-003
  1.3190000e+001 -7.1306000e-003
  1.3200000e+001 -1.3593000e-002
  1.3210000e+001 -1.7790000e-002
  1.3220000e+001 -1.6322000e-002
  1.3230000e+001 -1.4230000e-002
  1.3240000e+001 -1.6164000e-002
  1.3250000e+001 -1.7990000e-002
  1.3260000e+001 -1.3332000e-002
  1.3270000e+001 -3.3505000e-003
  1.3280000e+001  4.5594000e-003
  1.3290000e+001  6.5824000e-003
  1.3300000e+001  5.5130000e-003
  1.3310000e+001  5.1133000e-003
  1.3320000e+001  5.6573000e-003
  1.3330000e+001  5.8003000e-003
  1.3340000e+001  5.4799000e-003
  1.3350000e+001  5.4874000e-003
  1.3360000e+001  5.7710000e-003
  1.3370000e+001  5.7543000e-003
  1.3380000e+001  5.5785000e-003
  1.3390000e+001  5.6716000e-003
  1.3400000e+001  5.8379000e-003
  1.3410000e+001  5.7718000e-003
  1.3420000e+001  5.6921000e-003
  1.3430000e+001  5.8035000e-003
  1.3440000e+001  5.8872000e-003
  1.3450000e+001  5.8176000e-003
  1.3460000e+001  5.8005000e-003
  1.3470000e+001  5.9011000e-003
  1.3480000e+001  5.9332000e-003
  1.3490000e+001  5.8758000e-003
  1.3500000e+001  5.8951000e-003
  1.3510000e+001  5.9788000e-003
  1.3520000e+001  5.9791000e-003
  1.3530000e+001  5.9339000e-003
  1.3540000e+001  5.9766000e-003
  1.3550000e+001  6.0462000e-003
  1.3560000e+001  6.0204000e-003
  1.3570000e+001  5.9847000e-003
  1.3580000e+001  6.0516000e-003
  1.3590000e+001  6.1068000e-003
  1.3600000e+001  6.0489000e-003
  1.3610000e+001  6.0280000e-003
  1.3620000e+001  6.1285000e-003
  1.3630000e+001  6.1565000e-003
  1.3640000e+001  6.0559000e-003
  1.3650000e+001  6.0722000e-003
  1.3660000e+001  6.2145000e-003
  1.3670000e+001  6.1799000e-003
  1.3680000e+001  6.0363000e-003
  1.3690000e+001  6.1480000e-003
  1.3700000e+001  6.3030000e-003
  1.3710000e+001  6.0831000e-003
  1.3720000e+001  6.0826000e-003
  1.3730000e+001  6.6192000e-003
  1.3740000e+001  5.6601000e-003
  1.3750000e+001  1.1945000e-003
  1.3760000e+001 -4.3926000e-003
  1.3770000e+001 -5.7468000e-003
  1.3780000e+001 -1.4513000e-003
  1.3790000e+001  4.2485000e-003
  1.3800000e+001  6.8921000e-003
  1.3810000e+001  6.6655000e-003
  1.3820000e+001  5.9552000e-003
  1.3830000e+001  5.9304000e-003
  1.3840000e+001  6.3228000e-003
  1.3850000e+001  6.7893000e-003
  1.3860000e+001  6.1668000e-003
  1.3870000e+001  4.0413000e-003
  1.3880000e+001  1.6288000e-003
  1.3890000e+001  4.6130000e-004
  1.3900000e+001 -1.1451000e-003
  1.3910000e+001 -5.2328000e-003
  1.3920000e+001 -1.0971000e-002
  1.3930000e+001 -1.4692000e-002
  1.3940000e+001 -1.5259000e-002
  1.3950000e+001 -1.4781000e-002
  1.3960000e+001 -1.5030000e-002
  1.3970000e+001 -1.5225000e-002
  1.3980000e+001 -1.4822000e-002
  1.3990000e+001 -1.4771000e-002
  1.4000000e+001 -1.5238000e-002
  1.4010000e+001 -1.5171000e-002
  1.4020000e+001 -1.4656000e-002
  1.4030000e+001 -1.4867000e-002
  1.4040000e+001 -1.5436000e-002
  1.4050000e+001 -1.5007000e-002
  1.4060000e+001 -1.4357000e-002
  1.4070000e+001 -1.5293000e-002
  1.4080000e+001 -1.6077000e-002
  1.4090000e+001 -1.3162000e-002
  1.4100000e+001 -7.4829000e-003
  1.4110000e+001 -4.0302000e-003
  1.4120000e+001 -4.1189000e-003
  1.4130000e+001 -4.5903000e-003
  1.4140000e+001 -4.1538000e-003
  1.4150000e+001 -4.6370000e-003
  1.4160000e+001 -4.9637000e-003
  1.4170000e+001 -1.6914000e-003
  1.4180000e+001  4.1985000e-003
  1.4190000e+001  7.3325000e-003
  1.4200000e+001  6.4805000e-003
  1.4210000e+001  5.5372000e-003
  1.4220000e+001  6.3249000e-003
  1.4230000e+001  6.6346000e-003
  1.4240000e+001  5.8965000e-003
  1.4250000e+001  5.9220000e-003
  1.4260000e+001  6.5846000e-003
  1.4270000e+001  6.2695000e-003
  1.4280000e+001  5.7075000e-003
  1.4290000e+001  6.2702000e-003
  1.4300000e+001  6.6522000e-003
  1.4310000e+001  5.8354000e-003
  1.4320000e+001  5.6763000e-003
  1.4330000e+001  6.6957000e-003
  1.4340000e+001  6.5169000e-003
  1.4350000e+001  5.2949000e-003
  1.4360000e+001  5.8860000e-003
  1.4370000e+001  7.2400000e-003
  1.4380000e+001  6.0044000e-003
  1.4390000e+001  4.4570000e-003
  1.4400000e+001  6.9539000e-003
  1.4410000e+001  8.8112000e-003
  1.4420000e+001  1.6707000e-003
  1.4430000e+001 -9.6254000e-003
  1.4440000e+001 -1.0764000e-002
  1.4450000e+001 -1.2465000e-004
  1.4460000e+001  8.4061000e-003
  1.4470000e+001  7.5504000e-003
  1.4480000e+001  4.4275000e-003
  1.4490000e+001  5.4110000e-003
  1.4500000e+001  7.0824000e-003
  1.4510000e+001  6.0606000e-003
  1.4520000e+001  4.9888000e-003
  1.4530000e+001  5.9534000e-003
  1.4540000e+001  6.5762000e-003
  1.4550000e+001  5.6523000e-003
  1.4560000e+001  5.2978000e-003
  1.4570000e+001  6.0753000e-003
  1.4580000e+001  6.1772000e-003
  1.4590000e+001  5.4871000e-003
  1.4600000e+001  5.4926000e-003
  1.4610000e+001  6.0217000e-003
  1.4620000e+001  5.8832000e-003
  1.4630000e+001  5.4198000e-003
  1.4640000e+001  5.5721000e-003
  1.4650000e+001  5.9064000e-003
  1.4660000e+001  5.6758000e-003
  1.4670000e+001  5.3616000e-003
  1.4680000e+001  5.5731000e-003
  1.4690000e+001  5.7944000e-003
  1.4700000e+001  5.5058000e-003
  1.4710000e+001  5.2709000e-003
  1.4720000e+001  5.5518000e-003
  1.4730000e+001  5.7053000e-003
  1.4740000e+001  5.3145000e-003
  1.4750000e+001  5.1491000e-003
  1.4760000e+001  5.5670000e-003
  1.4770000e+001  5.6174000e-003
  1.4780000e+001  5.0430000e-003
  1.4790000e+001  5.0390000e-003
  1.4800000e+001  5.6931000e-003
  1.4810000e+001  5.4510000e-003
  1.4820000e+001  4.5073000e-003
  1.4830000e+001  5.2128000e-003
  1.4840000e+001  6.6584000e-003
  1.4850000e+001  3.5733000e-003
  1.4860000e+001 -5.7279000e-003
  1.4870000e+001 -1.4841000e-002
  1.4880000e+001 -1.7601000e-002
  1.4890000e+001 -1.6094000e-002
  1.4900000e+001 -1.5600000e-002
  1.4910000e+001 -1.6563000e-002
  1.4920000e+001 -1.6571000e-002
  1.4930000e+001 -1.5944000e-002
  1.4940000e+001 -1.6233000e-002
  1.4950000e+001 -1.6706000e-002
  1.4960000e+001 -1.6320000e-002
  1.4970000e+001 -1.6114000e-002
  1.4980000e+001 -1.6650000e-002
  1.4990000e+001 -1.6680000e-002
  1.5000000e+001 -1.6148000e-002
  1.5010000e+001 -1.6429000e-002
  1.5020000e+001 -1.6999000e-002
  1.5030000e+001 -1.6438000e-002
  1.5040000e+001 -1.6046000e-002
  1.5050000e+001 -1.7237000e-002
  1.5060000e+001 -1.7012000e-002
  1.5070000e+001 -1.2413000e-002
  1.5080000e+001 -6.9273000e-003
  1.5090000e+001 -5.8373000e-003
  1.5100000e+001 -6.8541000e-003
  1.5110000e+001 -4.0348000e-003
  1.5120000e+001  2.1342000e-003
  1.5130000e+001  5.5878000e-003
  1.5140000e+001  4.9005000e-003
  1.5150000e+001  3.8735000e-003
  1.5160000e+001  4.4504000e-003
  1.5170000e+001  4.8763000e-003
  1.5180000e+001  4.4395000e-003
  1.5190000e+001  4.2541000e-003
  1.5200000e+001  4.5548000e-003
  1.5210000e+001  4.6257000e-003
  1.5220000e+001  4.4942000e-003
  1.5230000e+001  4.4829000e-003
  1.5240000e+001  4.4766000e-003
  1.5250000e+001  4.5776000e-003
  1.5260000e+001  4.7083000e-003
  1.5270000e+001  4.2558000e-003
  1.5280000e+001  4.4072000e-003
  1.5290000e+001  7.9293000e-003
  1.5300000e+001  1.4128000e-002
  1.5310000e+001  1.6970000e-002
  1.5320000e+001  1.3037000e-002
  1.5330000e+001  6.5756000e-003
  1.5340000e+001  3.7155000e-003
  1.5350000e+001  4.3256000e-003
  1.5360000e+001  4.9541000e-003
  1.5370000e+001  4.6070000e-003
  1.5380000e+001  4.4695000e-003
  1.5390000e+001  4.6063000e-003
  1.5400000e+001  4.6288000e-003
  1.5410000e+001  4.6825000e-003
  1.5420000e+001  4.6624000e-003
  1.5430000e+001  4.4417000e-003
  1.5440000e+001  4.5535000e-003
  1.5450000e+001  4.9297000e-003
  1.5460000e+001  4.6516000e-003
  1.5470000e+001  4.1576000e-003
  1.5480000e+001  4.7009000e-003
  1.5490000e+001  5.2846000e-003
  1.5500000e+001  4.3069000e-003
  1.5510000e+001  3.6330000e-003
  1.5520000e+001  5.7171000e-003
  1.5530000e+001  6.4699000e-003
  1.5540000e+001 -1.7041000e-004
  1.5550000e+001 -1.1663000e-002
  1.5560000e+001 -1.8372000e-002
  1.5570000e+001 -1.7672000e-002
  1.5580000e+001 -1.5565000e-002
  1.5590000e+001 -1.6205000e-002
  1.5600000e+001 -1.7211000e-002
  1.5610000e+001 -1.6653000e-002
  1.5620000e+001 -1.6063000e-002
  1.5630000e+001 -1.6529000e-002
  1.5640000e+001 -1.6863000e-002
  1.5650000e+001 -1.6497000e-002
  1.5660000e+001 -1.6301000e-002
  1.5670000e+001 -1.6515000e-002
  1.5680000e+001 -1.6628000e-002
  1.5690000e+001 -1.6544000e-002
  1.5700000e+001 -1.6400000e-002
  1.5710000e+001 -1.6311000e-002
  1.5720000e+001 -1.6483000e-002
  1.5730000e+001 -1.6591000e-002
  1.5740000e+001 -1.6098000e-002
  1.5750000e+001 -1.5841000e-002
  1.5760000e+001 -1.6828000e-002
  1.5770000e+001 -1.6567000e-002
  1.5780000e+001 -1.1033000e-002
  1.5790000e+001 -1.4816000e-003
  1.5800000e+001  5.4083000e-003
  1.5810000e+001  6.3547000e-003
  1.5820000e+001  4.9253000e-003
  1.5830000e+001  5.0164000e-003
  1.5840000e+001  5.9017000e-003
  1.5850000e+001  5.7758000e-003
  1.5860000e+001  5.3196000e-003
  1.5870000e+001  5.6457000e-003
  1.5880000e+001  6.0581000e-003
  1.5890000e+001  5.8215000e-003
  1.5900000e+001  5.6347000e-003
  1.5910000e+001  5.9920000e-003
  1.5920000e+001  6.2120000e-003
  1.5930000e+001  5.9666000e-003
  1.5940000e+001  5.9202000e-003
  1.5950000e+001  6.3057000e-003
  1.5960000e+001  6.4546000e-003
  1.5970000e+001  6.1766000e-003
  1.5980000e+001  6.1655000e-003
  1.5990000e+001  6.5825000e-003
  1.6000000e+001  6.6786000e-003
  1.6010000e+001  6.3303000e-003
  1.6020000e+001  6.3923000e-003
  1.6030000e+001  6.9224000e-003
  1.6040000e+001  6.9180000e-003
  1.6050000e+001  6.4285000e-003
  1.6060000e+001  6.7145000e-003
  1.6070000e+001  7.5468000e-003
  1.6080000e+001  6.8408000e-003
  1.6090000e+001  4.0123000e-003
  1.6100000e+001  1.4001000e-003
  1.6110000e+001  1.3797000e-003
  1.6120000e+001  3.8601000e-003
  1.6130000e+001  7.1616000e-003
  1.6140000e+001  9.0465000e-003
  1.6150000e+001  6.6261000e-003
  1.6160000e+001 -3.4187000e-004
  1.6170000e+001 -6.7603000e-003
  1.6180000e+001 -6.9686000e-003
  1.6190000e+001 -2.7636000e-003
  1.6200000e+001 -9.3894000e-004
  1.6210000e+001 -4.4457000e-003
  1.6220000e+001 -9.7070000e-003
  1.6230000e+001 -1.2757000e-002
  1.6240000e+001 -1.3472000e-002
  1.6250000e+001 -1.3583000e-002
  1.6260000e+001 -1.3314000e-002
  1.6270000e+001 -1.1606000e-002
  1.6280000e+001 -6.8611000e-003
  1.6290000e+001  8.2273000e-004
  1.6300000e+001  6.8523000e-003
  1.6310000e+001  4.2770000e-003
  1.6320000e+001 -6.4305000e-003
  1.6330000e+001 -1.4794000e-002
  1.6340000e+001 -1.1712000e-002
  1.6350000e+001 -5.8530000e-004
  1.6360000e+001  7.9619000e-003
  1.6370000e+001  9.6004000e-003
  1.6380000e+001  8.5830000e-003
  1.6390000e+001  8.7213000e-003
  1.6400000e+001  9.1506000e-003
  1.6410000e+001  8.8649000e-003
  1.6420000e+001  8.8694000e-003
  1.6430000e+001  9.2936000e-003
  1.6440000e+001  9.1694000e-003
  1.6450000e+001  8.8752000e-003
  1.6460000e+001  9.2836000e-003
  1.6470000e+001  9.5958000e-003
  1.6480000e+001  9.1304000e-003
  1.6490000e+001  9.0915000e-003
  1.6500000e+001  9.8445000e-003
  1.6510000e+001  9.7690000e-003
  1.6520000e+001  8.9050000e-003
  1.6530000e+001  9.3659000e-003
  1.6540000e+001  1.0774000e-002
  1.6550000e+001  9.8390000e-003
  1.6560000e+001  6.7224000e-003
  1.6570000e+001  5.4001000e-003
  1.6580000e+001  7.4414000e-003
  1.6590000e+001  9.7932000e-003
  1.6600000e+001  1.0609000e-002
  1.6610000e+001  1.0414000e-002
  1.6620000e+001  9.7347000e-003
  1.6630000e+001  9.3685000e-003
  1.6640000e+001  1.1109000e-002
  1.6650000e+001  1.2005000e-002
  1.6660000e+001  5.7968000e-003
  1.6670000e+001 -6.1840000e-003
  1.6680000e+001 -1.3157000e-002
  1.6690000e+001 -1.1281000e-002
  1.6700000e+001 -8.9292000e-003
  1.6710000e+001 -1.1637000e-002
  1.6720000e+001 -1.1976000e-002
  1.6730000e+001 -3.6573000e-003
  1.6740000e+001  7.3564000e-003
  1.6750000e+001  1.2219000e-002
  1.6760000e+001  1.1630000e-002
  1.6770000e+001  1.0515000e-002
  1.6780000e+001  1.0480000e-002
  1.6790000e+001  1.1326000e-002
  1.6800000e+001  1.2425000e-002
  1.6810000e+001  1.0038000e-002
  1.6820000e+001  1.8413000e-003
  1.6830000e+001 -7.4038000e-003
  1.6840000e+001 -1.1420000e-002
  1.6850000e+001 -1.0269000e-002
  1.6860000e+001 -7.7876000e-003
  1.6870000e+001 -5.2746000e-003
  1.6880000e+001 -3.5995000e-003
  1.6890000e+001 -4.3155000e-003
  1.6900000e+001 -7.1121000e-003
  1.6910000e+001 -9.0784000e-003
  1.6920000e+001 -1.0227000e-002
  1.6930000e+001 -1.0773000e-002
  1.6940000e+001 -7.2318000e-003
  1.6950000e+001  2.2263000e-003
  1.6960000e+001  1.0965000e-002
  1.6970000e+001  1.3025000e-002
  1.6980000e+001  1.1898000e-002
  1.6990000e+001  1.1930000e-002
  1.7000000e+001  1.0548000e-002
  1.7010000e+001  6.0088000e-003
  1.7020000e+001  3.8643000e-003
  1.7030000e+001  6.1571000e-003
  1.7040000e+001  6.3486000e-003
  1.7050000e+001  1.0347000e-003
  1.7060000e+001 -3.1513000e-003
  1.7070000e+001 -2.5733000e-003
  1.7080000e+001 -2.9729000e-003
  1.7090000e+001 -7.2783000e-003
  1.7100000e+001 -1.0293000e-002
  1.7110000e+001 -9.3154000e-003
  1.7120000e+001 -8.2498000e-003
  1.7130000e+001 -8.9004000e-003
  1.7140000e+001 -9.0041000e-003
  1.7150000e+001 -8.6419000e-003
  1.7160000e+001 -9.5484000e-003
  1.7170000e+001 -8.4824000e-003
  1.7180000e+001 -9.8986000e-004
  1.7190000e+001  9.4465000e-003
  1.7200000e+001  1.4690000e-002
  1.7210000e+001  1.3524000e-002
  1.7220000e+001  1.0918000e-002
  1.7230000e+001  9.7569000e-003
  1.7240000e+001  9.3556000e-003
  1.7250000e+001  1.0139000e-002
  1.7260000e+001  1.2431000e-002
  1.7270000e+001  1.4044000e-002
  1.7280000e+001  1.2988000e-002
  1.7290000e+001  1.1605000e-002
  1.7300000e+001  1.2982000e-002
  1.7310000e+001  1.4760000e-002
  1.7320000e+001  1.1221000e-002
  1.7330000e+001  1.9297000e-003
  1.7340000e+001 -6.6407000e-003
  1.7350000e+001 -9.4317000e-003
  1.7360000e+001 -8.3483000e-003
  1.7370000e+001 -7.6487000e-003
  1.7380000e+001 -8.1114000e-003
  1.7390000e+001 -8.2263000e-003
  1.7400000e+001 -7.9187000e-003
  1.7410000e+001 -7.9568000e-003
  1.7420000e+001 -8.0421000e-003
  1.7430000e+001 -7.8079000e-003
  1.7440000e+001 -7.9912000e-003
  1.7450000e+001 -8.3397000e-003
  1.7460000e+001 -6.7915000e-003
  1.7470000e+001 -2.8476000e-003
  1.7480000e+001  1.6456000e-003
  1.7490000e+001  5.9303000e-003
  1.7500000e+001  1.0927000e-002
  1.7510000e+001  1.4733000e-002
  1.7520000e+001  1.3799000e-002
  1.7530000e+001  7.8505000e-003
  1.7540000e+001  7.5810000e-004
  1.7550000e+001 -4.8114000e-003
  1.7560000e+001 -8.0983000e-003
  1.7570000e+001 -8.5950000e-003
  1.7580000e+001 -6.9640000e-003
  1.7590000e+001 -6.4664000e-003
  1.7600000e+001 -8.1703000e-003
  1.7610000e+001 -8.5889000e-003
  1.7620000e+001 -5.7135000e-003
  1.7630000e+001 -2.4606000e-003
  1.7640000e+001  3.4927000e-004
  1.7650000e+001  5.9629000e-003
  1.7660000e+001  1.3042000e-002
  1.7670000e+001  1.4053000e-002
  1.7680000e+001  8.6435000e-003
  1.7690000e+001  6.1688000e-003
  1.7700000e+001  1.0271000e-002
  1.7710000e+001  1.1735000e-002
  1.7720000e+001  4.2570000e-003
  1.7730000e+001 -5.4303000e-003
  1.7740000e+001 -8.9131000e-003
  1.7750000e+001 -7.5997000e-003
  1.7760000e+001 -6.0590000e-003
  1.7770000e+001 -4.7009000e-003
  1.7780000e+001 -2.3229000e-003
  1.7790000e+001  1.8892000e-004
  1.7800000e+001  2.6855000e-003
  1.7810000e+001  4.0761000e-003
  1.7820000e+001  1.7935000e-003
  1.7830000e+001 -4.1237000e-003
  1.7840000e+001 -8.1011000e-003
  1.7850000e+001 -7.3788000e-003
  1.7860000e+001 -5.7984000e-003
  1.7870000e+001 -6.6067000e-003
  1.7880000e+001 -7.3272000e-003
  1.7890000e+001 -6.3511000e-003
  1.7900000e+001 -6.1021000e-003
  1.7910000e+001 -7.0789000e-003
  1.7920000e+001 -6.7467000e-003
  1.7930000e+001 -5.6988000e-003
  1.7940000e+001 -6.7149000e-003
  1.7950000e+001 -7.7391000e-003
  1.7960000e+001 -4.5769000e-003
  1.7970000e+001  1.3649000e-004
  1.7980000e+001  8.5039000e-004
  1.7990000e+001 -8.0697000e-004
  1.8000000e+001  9.8650000e-004
  1.8010000e+001  4.8525000e-003
  1.8020000e+001  5.4680000e-003
  1.8030000e+001  3.5128000e-003
  1.8040000e+001  4.4202000e-003
  1.8050000e+001  7.0781000e-003
  1.8060000e+001  5.4673000e-003
  1.8070000e+001 -9.4454000e-004
  1.8080000e+001 -4.4404000e-003
  1.8090000e+001 -1.1125000e-003
  1.8100000e+001  4.2378000e-003
  1.8110000e+001  4.5210000e-003
  1.8120000e+001 -2.0548000e-004
  1.8130000e+001 -4.9412000e-003
  1.8140000e+001 -6.3866000e-003
  1.8150000e+001 -5.9835000e-003
  1.8160000e+001 -5.7465000e-003
  1.8170000e+001 -5.7927000e-003
  1.8180000e+001 -5.7031000e-003
  1.8190000e+001 -5.7561000e-003
  1.8200000e+001 -5.8786000e-003
  1.8210000e+001 -5.6249000e-003
  1.8220000e+001 -5.4209000e-003
  1.8230000e+001 -5.7969000e-003
  1.8240000e+001 -5.8951000e-003
  1.8250000e+001 -5.2040000e-003
  1.8260000e+001 -5.3002000e-003
  1.8270000e+001 -6.4208000e-003
  1.8280000e+001 -5.0499000e-003
  1.8290000e+001  6.6114000e-004
  1.8300000e+001  5.4034000e-003
  1.8310000e+001  3.3116000e-003
  1.8320000e+001 -3.1347000e-003
  1.8330000e+001 -6.6064000e-003
  1.8340000e+001 -5.6905000e-003
  1.8350000e+001 -4.6005000e-003
  1.8360000e+001 -5.2762000e-003
  1.8370000e+001 -5.6890000e-003
  1.8380000e+001 -5.0873000e-003
  1.8390000e+001 -4.8761000e-003
  1.8400000e+001 -5.3160000e-003
  1.8410000e+001 -5.3188000e-003
  1.8420000e+001 -4.9315000e-003
  1.8430000e+001 -4.9688000e-003
  1.8440000e+001 -5.1899000e-003
  1.8450000e+001 -5.0456000e-003
  1.8460000e+001 -4.8764000e-003
  1.8470000e+001 -4.9793000e-003
  1.8480000e+001 -4.9939000e-003
  1.8490000e+001 -4.8531000e-003
  1.8500000e+001 -4.8695000e-003
  1.8510000e+001 -4.9092000e-003
  1.8520000e+001 -4.7672000e-003
  1.8530000e+001 -4.7428000e-003
  1.8540000e+001 -4.8790000e-003
  1.8550000e+001 -4.7540000e-003
  1.8560000e+001 -4.5387000e-003
  1.8570000e+001 -4.7240000e-003
  1.8580000e+001 -4.8747000e-003
  1.8590000e+001 -4.4972000e-003
  1.8600000e+001 -4.3442000e-003
  1.8610000e+001 -4.8341000e-003
  1.8620000e+001 -4.8053000e-003
  1.8630000e+001 -4.0016000e-003
  1.8640000e+001 -4.3412000e-003
  1.8650000e+001 -5.7030000e-003
  1.8660000e+001 -3.5666000e-003
  1.8670000e+001  4.6872000e-003
  1.8680000e+001  1.4184000e-002
  1.8690000e+001  1.8229000e-002
  1.8700000e+001  1.7172000e-002
  1.8710000e+001  1.6109000e-002
  1.8720000e+001  1.6895000e-002
  1.8730000e+001  1.7536000e-002
  1.8740000e+001  1.7137000e-002
  1.8750000e+001  1.5883000e-002
  1.8760000e+001  1.2546000e-002
  1.8770000e+001  7.1082000e-003
  1.8780000e+001  4.4086000e-003
  1.8790000e+001  8.8300000e-003
  1.8800000e+001  1.6434000e-002
  1.8810000e+001  1.7610000e-002
  1.8820000e+001  9.4725000e-003
  1.8830000e+001 -6.7700000e-004
  1.8840000e+001 -4.9957000e-003
  1.8850000e+001 -4.2199000e-003
  1.8860000e+001 -3.4577000e-003
  1.8870000e+001 -4.2191000e-003
  1.8880000e+001 -4.3688000e-003
  1.8890000e+001 -3.6243000e-003
  1.8900000e+001 -3.7017000e-003
  1.8910000e+001 -4.3836000e-003
  1.8920000e+001 -4.0652000e-003
  1.8930000e+001 -3.3880000e-003
  1.8940000e+001 -3.9006000e-003
  1.8950000e+001 -4.4982000e-003
  1.8960000e+001 -3.6560000e-003
  1.8970000e+001 -3.0854000e-003
  1.8980000e+001 -4.5336000e-003
  1.8990000e+001 -4.9428000e-003
  1.9000000e+001 -7.0407000e-004
  1.9010000e+001  5.3046000e-003
  1.9020000e+001  6.3844000e-003
  1.9030000e+001  1.5353000e-003
  1.9040000e+001 -3.6726000e-003
  1.9050000e+001 -4.8618000e-003
  1.9060000e+001 -3.4577000e-003
  1.9070000e+001 -2.9553000e-003
  1.9080000e+001 -4.0109000e-003
  1.9090000e+001 -4.4205000e-003
  1.9100000e+001 -3.2350000e-003
  1.9110000e+001 -2.7110000e-003
  1.9120000e+001 -4.6293000e-003
  1.9130000e+001 -5.2568000e-003
  1.9140000e+001  7.2498000e-004
  1.9150000e+001  1.1513000e-002
  1.9160000e+001  1.8568000e-002
  1.9170000e+001  1.8627000e-002
  1.9180000e+001  1.6846000e-002
  1.9190000e+001  1.7438000e-002
  1.9200000e+001  1.8241000e-002
  1.9210000e+001  1.7439000e-002
  1.9220000e+001  1.7119000e-002
  1.9230000e+001  1.8328000e-002
  1.9240000e+001  1.8254000e-002
  1.9250000e+001  1.5026000e-002
  1.9260000e+001  1.0187000e-002
  1.9270000e+001  6.2225000e-003
  1.9280000e+001  5.2879000e-003
  1.9290000e+001  9.2189000e-003
  1.9300000e+001  1.5134000e-002
  1.9310000e+001  1.5259000e-002
  1.9320000e+001  6.8258000e-003
  1.9330000e+001 -2.5497000e-003
  1.9340000e+001 -5.2276000e-003
  1.9350000e+001 -3.3093000e-003
  1.9360000e+001 -2.7169000e-003
  1.9370000e+001 -3.9112000e-003
  1.9380000e+001 -3.9950000e-003
  1.9390000e+001 -3.1337000e-003
  1.9400000e+001 -3.2613000e-003
  1.9410000e+001 -3.9057000e-003
  1.9420000e+001 -3.6784000e-003
  1.9430000e+001 -3.2212000e-003
  1.9440000e+001 -3.5008000e-003
  1.9450000e+001 -3.8133000e-003
  1.9460000e+001 -3.5341000e-003
  1.9470000e+001 -3.3493000e-003
  1.9480000e+001 -3.6164000e-003
  1.9490000e+001 -3.7167000e-003
  1.9500000e+001 -3.4918000e-003
  1.9510000e+001 -3.4661000e-003
  1.9520000e+001 -3.6590000e-003
  1.9530000e+001 -3.6493000e-003
  1.9540000e+001 -3.5072000e-003
  1.9550000e+001 -3.5536000e-003
  1.9560000e+001 -3.6674000e-003
  1.9570000e+001 -3.6180000e-003
  1.9580000e+001 -3.5484000e-003
  1.9590000e+001 -3.6131000e-003
  1.9600000e+001 -3.6671000e-003
  1.9610000e+001 -3.6169000e-003
  1.9620000e+001 -3.5965000e-003
  1.9630000e+001 -3.6534000e-003
  1.9640000e+001 -3.6716000e-003
  1.9650000e+001 -3.6365000e-003
  1.9660000e+001 -3.6429000e-003
  1.9670000e+001 -3.6840000e-003
  1.9680000e+001 -3.6859000e-003
  1.9690000e+001 -3.6681000e-003
  1.9700000e+001 -3.6854000e-003
  1.9710000e+001 -3.7123000e-003
  1.9720000e+001 -3.7103000e-003
  1.9730000e+001 -3.7060000e-003
  1.9740000e+001 -3.7251000e-003
  1.9750000e+001 -3.7431000e-003
  1.9760000e+001 -3.7432000e-003
  1.9770000e+001 -3.7464000e-003
  1.9780000e+001 -3.7640000e-003
  1.9790000e+001 -3.7787000e-003
  1.9800000e+001 -3.7821000e-003
  1.9810000e+001 -3.7879000e-003
  1.9820000e+001 -3.8045000e-003
  1.9830000e+001 -3.8200000e-003
  1.9840000e+001 -3.8246000e-003
  1.9850000e+001 -3.8301000e-003
  1.9860000e+001 -3.8488000e-003
  1.9870000e+001 -3.8667000e-003
  1.9880000e+001 -3.8685000e-003
  1.9890000e+001 -3.8735000e-003
  1.9900000e+001 -3.8989000e-003
  1.9910000e+001 -3.9174000e-003
  1.9920000e+001 -3.9116000e-003
  1.9930000e+001 -3.9199000e-003
  1.9940000e+001 -3.9565000e-003
  1.9950000e+001 -3.9694000e-003
  1.9960000e+001 -3.9524000e-003
  1.9970000e+001 -3.9726000e-003
  1.9980000e+001 -4.0222000e-003
  1.9990000e+001 -4.0181000e-003
  2.0000000e+001 -3.9905000e-003
  2.0010000e+001 -4.0368000e-003
  2.0020000e+001 -4.0945000e-003
  2.0030000e+001 -4.0568000e-003
  2.0040000e+001 -4.0290000e-003
  2.0050000e+001 -4.1192000e-003
  2.0060000e+001 -4.1674000e-003
  2.0070000e+001 -4.0782000e-003
  2.0080000e+001 -4.0771000e-003
  2.0090000e+001 -4.2265000e-003
  2.0100000e+001 -4.2272000e-003
  2.0110000e+001 -4.0767000e-003
  2.0120000e+001 -4.1521000e-003
  2.0130000e+001 -4.3607000e-003
  2.0140000e+001 -4.2506000e-003
  2.0150000e+001 -4.0521000e-003
