  0.0000000e+000  2.4649000e-001
  4.0000000e-002  2.6600000e-001
  4.0800000e-002  2.6900000e-001
  4.1700000e-002  2.7100000e-001
  4.2600000e-002  2.7300000e-001
  4.3500000e-002  2.7400000e-001
  4.4400000e-002  2.7500000e-001
  4.5500000e-002  2.7100000e-001
  4.6500000e-002  2.6900000e-001
  4.7600000e-002  2.7800000e-001
  4.8800000e-002  2.8800000e-001
  5.0000000e-002  2.9500000e-001
  5.1300000e-002  3.0700000e-001
  5.2600000e-002  3.2000000e-001
  5.4100000e-002  3.3100000e-001
  5.5600000e-002  3.3900000e-001
  5.7100000e-002  3.5000000e-001
  5.8800000e-002  3.5700000e-001
  6.0600000e-002  3.5900000e-001
  6.2500000e-002  3.6100000e-001
  6.4500000e-002  3.5500000e-001
  6.6700000e-002  3.5200000e-001
  6.7800000e-002  3.4800000e-001
  6.9000000e-002  3.5700000e-001
  7.0200000e-002  3.8400000e-001
  7.1400000e-002  4.1500000e-001
  7.2700000e-002  4.3600000e-001
  7.4100000e-002  4.4000000e-001
  7.5500000e-002  4.4100000e-001
  7.6900000e-002  4.4600000e-001
  7.8400000e-002  4.7100000e-001
  8.0000000e-002  5.1300000e-001
  8.1600000e-002  5.5200000e-001
  8.3300000e-002  5.7500000e-001
  8.5100000e-002  5.9700000e-001
  8.7000000e-002  6.0700000e-001
  8.8900000e-002  6.1700000e-001
  9.0900000e-002  6.2400000e-001
  9.3000000e-002  6.0700000e-001
  9.5200000e-002  5.9000000e-001
  9.7600000e-002  5.6800000e-001
  1.0000000e-001  5.4400000e-001
  1.0200000e-001  5.5300000e-001
  1.0400000e-001  5.7200000e-001
  1.0600000e-001  5.9600000e-001
  1.0900000e-001  6.2100000e-001
  1.1100000e-001  6.4400000e-001
  1.1400000e-001  6.7100000e-001
  1.1600000e-001  6.9000000e-001
  1.1900000e-001  7.3400000e-001
  1.2200000e-001  7.6200000e-001
  1.2500000e-001  7.6100000e-001
  1.2800000e-001  7.3300000e-001
  1.3200000e-001  6.8400000e-001
  1.3500000e-001  6.3800000e-001
  1.3900000e-001  6.1600000e-001
  1.4300000e-001  6.2200000e-001
  1.4700000e-001  5.9100000e-001
  1.5200000e-001  5.4300000e-001
  1.5600000e-001  4.9500000e-001
  1.6100000e-001  5.1600000e-001
  1.6700000e-001  5.8100000e-001
  1.7200000e-001  6.5500000e-001
  1.7900000e-001  6.9300000e-001
  1.8500000e-001  6.8700000e-001
  1.9200000e-001  6.6600000e-001
  2.0000000e-001  6.3100000e-001
  2.0400000e-001  5.9600000e-001
  2.0800000e-001  6.1800000e-001
  2.1300000e-001  6.4500000e-001
  2.1700000e-001  6.6800000e-001
  2.2200000e-001  6.6300000e-001
  2.2700000e-001  6.3200000e-001
  2.3300000e-001  5.8700000e-001
  2.3800000e-001  5.2000000e-001
  2.4400000e-001  4.5800000e-001
  2.5000000e-001  4.7500000e-001
  2.5600000e-001  4.7900000e-001
  2.6300000e-001  4.8600000e-001
  2.7000000e-001  4.9600000e-001
  2.7800000e-001  4.9900000e-001
  2.8600000e-001  5.0600000e-001
  2.9400000e-001  5.0700000e-001
  3.0300000e-001  5.0800000e-001
  3.1200000e-001  5.0600000e-001
  3.2300000e-001  4.9900000e-001
  3.3300000e-001  4.9300000e-001
  3.4500000e-001  4.8400000e-001
  3.5700000e-001  4.7100000e-001
  3.7000000e-001  4.5600000e-001
  3.8500000e-001  4.3900000e-001
  4.0000000e-001  4.2800000e-001
  4.1700000e-001  4.3100000e-001
  4.3500000e-001  4.2000000e-001
  4.5500000e-001  3.9900000e-001
  4.7600000e-001  3.6500000e-001
  5.0000000e-001  3.6700000e-001
  5.2600000e-001  3.4000000e-001
  5.5600000e-001  3.0900000e-001
  5.8800000e-001  2.8800000e-001
  6.2500000e-001  2.4400000e-001
  6.6700000e-001  2.1600000e-001
  7.1400000e-001  1.8400000e-001
  7.6900000e-001  1.5100000e-001
  8.3300000e-001  1.3800000e-001
  9.0900000e-001  1.2700000e-001
  1.0000000e+000  8.9300000e-002
  1.0500000e+000  8.8100000e-002
  1.1100000e+000  1.0400000e-001
  1.1800000e+000  1.1600000e-001
  1.2500000e+000  1.1600000e-001
  1.3300000e+000  1.1200000e-001
  1.4300000e+000  9.7100000e-002
  1.5400000e+000  6.9700000e-002
  1.6700000e+000  5.8500000e-002
  1.8200000e+000  4.4300000e-002
  2.0000000e+000  3.2800000e-002
  2.2200000e+000  2.9100000e-002
  2.5000000e+000  2.8000000e-002
  2.8600000e+000  1.9900000e-002
  3.3300000e+000  1.3800000e-002
  4.0000000e+000  9.5700000e-003
