  0.0000000e+000  7.2343000e-001
  4.0000000e-002  7.7300000e-001
  4.0800000e-002  7.7300000e-001
  4.1700000e-002  7.7100000e-001
  4.2600000e-002  7.7100000e-001
  4.3500000e-002  7.7800000e-001
  4.4400000e-002  7.9100000e-001
  4.5500000e-002  8.0600000e-001
  4.6500000e-002  8.1800000e-001
  4.7600000e-002  8.2400000e-001
  4.8800000e-002  8.3300000e-001
  5.0000000e-002  8.4000000e-001
  5.1300000e-002  8.5800000e-001
  5.2600000e-002  9.0000000e-001
  5.4100000e-002  9.4100000e-001
  5.5600000e-002  9.7200000e-001
  5.7100000e-002  9.7600000e-001
  5.8800000e-002  1.0000000e+000
  6.0600000e-002  1.0300000e+000
  6.2500000e-002  1.0400000e+000
  6.4500000e-002  1.1200000e+000
  6.6700000e-002  1.1900000e+000
  6.7800000e-002  1.2000000e+000
  6.9000000e-002  1.2700000e+000
  7.0200000e-002  1.3000000e+000
  7.1400000e-002  1.2700000e+000
  7.2700000e-002  1.2700000e+000
  7.4100000e-002  1.3600000e+000
  7.5500000e-002  1.4200000e+000
  7.6900000e-002  1.4200000e+000
  7.8400000e-002  1.4100000e+000
  8.0000000e-002  1.4100000e+000
  8.1600000e-002  1.4900000e+000
  8.3300000e-002  1.5300000e+000
  8.5100000e-002  1.5900000e+000
  8.7000000e-002  1.7100000e+000
  8.8900000e-002  1.7800000e+000
  9.0900000e-002  1.7300000e+000
  9.3000000e-002  1.7400000e+000
  9.5200000e-002  1.6900000e+000
  9.7600000e-002  1.6700000e+000
  1.0000000e-001  1.7100000e+000
  1.0200000e-001  1.7500000e+000
  1.0400000e-001  1.8700000e+000
  1.0600000e-001  1.8100000e+000
  1.0900000e-001  1.8100000e+000
  1.1100000e-001  1.8300000e+000
  1.1400000e-001  1.9000000e+000
  1.1600000e-001  1.9000000e+000
  1.1900000e-001  1.8100000e+000
  1.2200000e-001  1.9200000e+000
  1.2500000e-001  2.1400000e+000
  1.2800000e-001  2.3200000e+000
  1.3200000e-001  2.4200000e+000
  1.3500000e-001  2.4800000e+000
  1.3900000e-001  2.5000000e+000
  1.4300000e-001  2.3800000e+000
  1.4700000e-001  2.1700000e+000
  1.5200000e-001  2.1300000e+000
  1.5600000e-001  2.1700000e+000
  1.6100000e-001  2.1100000e+000
  1.6700000e-001  1.8000000e+000
  1.7200000e-001  1.9000000e+000
  1.7900000e-001  2.1300000e+000
  1.8500000e-001  2.2400000e+000
  1.9200000e-001  1.9200000e+000
  2.0000000e-001  1.6800000e+000
  2.0400000e-001  1.9000000e+000
  2.0800000e-001  2.0700000e+000
  2.1300000e-001  2.1400000e+000
  2.1700000e-001  2.1300000e+000
  2.2200000e-001  2.0700000e+000
  2.2700000e-001  1.9600000e+000
  2.3300000e-001  1.8100000e+000
  2.3800000e-001  1.6000000e+000
  2.4400000e-001  1.3900000e+000
  2.5000000e-001  1.3100000e+000
  2.5600000e-001  1.3600000e+000
  2.6300000e-001  1.4300000e+000
  2.7000000e-001  1.3600000e+000
  2.7800000e-001  1.1900000e+000
  2.8600000e-001  1.1500000e+000
  2.9400000e-001  1.2900000e+000
  3.0300000e-001  1.4800000e+000
  3.1200000e-001  1.5900000e+000
  3.2300000e-001  1.6100000e+000
  3.3300000e-001  1.5700000e+000
  3.4500000e-001  1.4200000e+000
  3.5700000e-001  1.4100000e+000
  3.7000000e-001  1.3700000e+000
  3.8500000e-001  1.2100000e+000
  4.0000000e-001  8.7400000e-001
  4.1700000e-001  7.9400000e-001
  4.3500000e-001  7.5500000e-001
  4.5500000e-001  8.1700000e-001
  4.7600000e-001  8.7200000e-001
  5.0000000e-001  8.4700000e-001
  5.2600000e-001  7.5900000e-001
  5.5600000e-001  6.9700000e-001
  5.8800000e-001  6.3500000e-001
  6.2500000e-001  5.1000000e-001
  6.6700000e-001  5.3700000e-001
  7.1400000e-001  5.7000000e-001
  7.6900000e-001  5.2000000e-001
  8.3300000e-001  3.9100000e-001
  9.0900000e-001  3.8000000e-001
  1.0000000e+000  4.4100000e-001
  1.0500000e+000  5.1600000e-001
  1.1100000e+000  5.5000000e-001
  1.1800000e+000  5.5400000e-001
  1.2500000e+000  4.6200000e-001
  1.3300000e+000  3.6800000e-001
  1.4300000e+000  3.1000000e-001
  1.5400000e+000  2.4000000e-001
  1.6700000e+000  1.6200000e-001
  1.8200000e+000  1.4000000e-001
  2.0000000e+000  1.1300000e-001
  2.2200000e+000  1.0700000e-001
  2.5000000e+000  1.1000000e-001
  2.8600000e+000  9.4800000e-002
  3.3300000e+000  5.7900000e-002
  4.0000000e+000  4.2200000e-002
