  0.0000000e+000  3.8040000e-001
  4.0000000e-002  5.9200000e-001
  4.0800000e-002  6.3600000e-001
  4.1700000e-002  6.4700000e-001
  4.2600000e-002  6.3200000e-001
  4.3500000e-002  6.0600000e-001
  4.4400000e-002  5.7200000e-001
  4.5500000e-002  5.3800000e-001
  4.6500000e-002  5.1400000e-001
  4.7600000e-002  5.2500000e-001
  4.8800000e-002  5.5000000e-001
  5.0000000e-002  6.0600000e-001
  5.1300000e-002  6.5300000e-001
  5.2600000e-002  6.2700000e-001
  5.4100000e-002  5.9000000e-001
  5.5600000e-002  5.2900000e-001
  5.7100000e-002  5.2100000e-001
  5.8800000e-002  5.3400000e-001
  6.0600000e-002  5.6200000e-001
  6.2500000e-002  5.9700000e-001
  6.4500000e-002  6.0500000e-001
  6.6700000e-002  6.4000000e-001
  6.7800000e-002  6.4800000e-001
  6.9000000e-002  6.4900000e-001
  7.0200000e-002  6.5300000e-001
  7.1400000e-002  6.6200000e-001
  7.2700000e-002  6.6800000e-001
  7.4100000e-002  6.7700000e-001
  7.5500000e-002  6.9000000e-001
  7.6900000e-002  7.0600000e-001
  7.8400000e-002  7.2800000e-001
  8.0000000e-002  7.7100000e-001
  8.1600000e-002  8.1800000e-001
  8.3300000e-002  8.5900000e-001
  8.5100000e-002  8.9700000e-001
  8.7000000e-002  9.3200000e-001
  8.8900000e-002  9.3200000e-001
  9.0900000e-002  9.2800000e-001
  9.3000000e-002  8.8900000e-001
  9.5200000e-002  8.7200000e-001
  9.7600000e-002  8.5900000e-001
  1.0000000e-001  8.4800000e-001
  1.0200000e-001  8.2900000e-001
  1.0400000e-001  8.3200000e-001
  1.0600000e-001  8.2900000e-001
  1.0900000e-001  8.2300000e-001
  1.1100000e-001  8.2800000e-001
  1.1400000e-001  8.3100000e-001
  1.1600000e-001  8.5600000e-001
  1.1900000e-001  8.9200000e-001
  1.2200000e-001  9.1700000e-001
  1.2500000e-001  9.0500000e-001
  1.2800000e-001  8.8700000e-001
  1.3200000e-001  9.0800000e-001
  1.3500000e-001  8.7500000e-001
  1.3900000e-001  8.1900000e-001
  1.4300000e-001  7.5300000e-001
  1.4700000e-001  7.0600000e-001
  1.5200000e-001  6.9600000e-001
  1.5600000e-001  7.0200000e-001
  1.6100000e-001  8.2300000e-001
  1.6700000e-001  8.4800000e-001
  1.7200000e-001  8.2900000e-001
  1.7900000e-001  8.0900000e-001
  1.8500000e-001  7.5800000e-001
  1.9200000e-001  8.2400000e-001
  2.0000000e-001  9.8700000e-001
  2.0400000e-001  1.0600000e+000
  2.0800000e-001  1.0900000e+000
  2.1300000e-001  1.1100000e+000
  2.1700000e-001  1.1000000e+000
  2.2200000e-001  1.0900000e+000
  2.2700000e-001  1.0600000e+000
  2.3300000e-001  1.0300000e+000
  2.3800000e-001  9.6500000e-001
  2.4400000e-001  9.1200000e-001
  2.5000000e-001  8.4400000e-001
  2.5600000e-001  8.0200000e-001
  2.6300000e-001  7.7100000e-001
  2.7000000e-001  7.6800000e-001
  2.7800000e-001  7.5400000e-001
  2.8600000e-001  6.9800000e-001
  2.9400000e-001  6.9900000e-001
  3.0300000e-001  7.1900000e-001
  3.1200000e-001  7.7900000e-001
  3.2300000e-001  7.9200000e-001
  3.3300000e-001  7.7800000e-001
  3.4500000e-001  6.4800000e-001
  3.5700000e-001  4.6900000e-001
  3.7000000e-001  3.8300000e-001
  3.8500000e-001  3.4000000e-001
  4.0000000e-001  3.0100000e-001
  4.1700000e-001  3.4100000e-001
  4.3500000e-001  4.0700000e-001
  4.5500000e-001  4.8700000e-001
  4.7600000e-001  5.8800000e-001
  5.0000000e-001  5.1000000e-001
  5.2600000e-001  4.0200000e-001
  5.5600000e-001  4.4400000e-001
  5.8800000e-001  5.0700000e-001
  6.2500000e-001  4.4400000e-001
  6.6700000e-001  3.4500000e-001
  7.1400000e-001  2.2500000e-001
  7.6900000e-001  1.9500000e-001
  8.3300000e-001  2.3100000e-001
  9.0900000e-001  2.6300000e-001
  1.0000000e+000  2.3600000e-001
  1.0500000e+000  1.8100000e-001
  1.1100000e+000  1.5000000e-001
  1.1800000e+000  1.6100000e-001
  1.2500000e+000  1.4500000e-001
  1.3300000e+000  1.2400000e-001
  1.4300000e+000  1.0900000e-001
  1.5400000e+000  7.6700000e-002
  1.6700000e+000  8.4800000e-002
  1.8200000e+000  8.7400000e-002
  2.0000000e+000  7.4900000e-002
  2.2200000e+000  5.4600000e-002
  2.5000000e+000  6.4700000e-002
  2.8600000e+000  6.9700000e-002
  3.3300000e+000  1.0200000e-001
  4.0000000e+000  8.0500000e-002
