  0.0000000e+000  5.1881000e+000
  4.0000000e-002  6.6700000e+000
  4.0800000e-002  6.7200000e+000
  4.1700000e-002  6.8700000e+000
  4.2600000e-002  7.1000000e+000
  4.3500000e-002  7.3000000e+000
  4.4400000e-002  7.3700000e+000
  4.5500000e-002  7.6700000e+000
  4.6500000e-002  8.1400000e+000
  4.7600000e-002  8.5600000e+000
  4.8800000e-002  8.8200000e+000
  5.0000000e-002  9.1600000e+000
  5.1300000e-002  9.2300000e+000
  5.2600000e-002  9.5200000e+000
  5.4100000e-002  9.5000000e+000
  5.5600000e-002  9.0400000e+000
  5.7100000e-002  8.7900000e+000
  5.8800000e-002  8.3300000e+000
  6.0600000e-002  7.8900000e+000
  6.2500000e-002  8.4500000e+000
  6.4500000e-002  9.2100000e+000
  6.6700000e-002  9.6500000e+000
  6.7800000e-002  9.7500000e+000
  6.9000000e-002  9.5800000e+000
  7.0200000e-002  9.4400000e+000
  7.1400000e-002  9.2100000e+000
  7.2700000e-002  8.8800000e+000
  7.4100000e-002  8.6100000e+000
  7.5500000e-002  8.4900000e+000
  7.6900000e-002  8.5800000e+000
  7.8400000e-002  8.9500000e+000
  8.0000000e-002  9.5900000e+000
  8.1600000e-002  1.0400000e+001
  8.3300000e-002  1.1500000e+001
  8.5100000e-002  1.2400000e+001
  8.7000000e-002  1.3300000e+001
  8.8900000e-002  1.4400000e+001
  9.0900000e-002  1.5500000e+001
  9.3000000e-002  1.5900000e+001
  9.5200000e-002  1.6300000e+001
  9.7600000e-002  1.6200000e+001
  1.0000000e-001  1.6400000e+001
  1.0200000e-001  1.6200000e+001
  1.0400000e-001  1.5700000e+001
  1.0600000e-001  1.5800000e+001
  1.0900000e-001  1.5600000e+001
  1.1100000e-001  1.5200000e+001
  1.1400000e-001  1.4500000e+001
  1.1600000e-001  1.3800000e+001
  1.1900000e-001  1.3100000e+001
  1.2200000e-001  1.2500000e+001
  1.2500000e-001  1.2800000e+001
  1.2800000e-001  1.3300000e+001
  1.3200000e-001  1.3600000e+001
  1.3500000e-001  1.3700000e+001
  1.3900000e-001  1.3900000e+001
  1.4300000e-001  1.3900000e+001
  1.4700000e-001  1.4100000e+001
  1.5200000e-001  1.4500000e+001
  1.5600000e-001  1.4300000e+001
  1.6100000e-001  1.4000000e+001
  1.6700000e-001  1.2800000e+001
  1.7200000e-001  1.1600000e+001
  1.7900000e-001  1.1700000e+001
  1.8500000e-001  1.1700000e+001
  1.9200000e-001  1.1900000e+001
  2.0000000e-001  1.1700000e+001
  2.0400000e-001  1.1600000e+001
  2.0800000e-001  1.1600000e+001
  2.1300000e-001  1.1600000e+001
  2.1700000e-001  1.1700000e+001
  2.2200000e-001  1.1700000e+001
  2.2700000e-001  1.1900000e+001
  2.3300000e-001  1.1900000e+001
  2.3800000e-001  1.1800000e+001
  2.4400000e-001  1.1800000e+001
  2.5000000e-001  1.2600000e+001
  2.5600000e-001  1.3100000e+001
  2.6300000e-001  1.3500000e+001
  2.7000000e-001  1.3600000e+001
  2.7800000e-001  1.3600000e+001
  2.8600000e-001  1.4100000e+001
  2.9400000e-001  1.4600000e+001
  3.0300000e-001  1.4700000e+001
  3.1200000e-001  1.4400000e+001
  3.2300000e-001  1.3600000e+001
  3.3300000e-001  1.2600000e+001
  3.4500000e-001  1.1500000e+001
  3.5700000e-001  1.0200000e+001
  3.7000000e-001  8.8000000e+000
  3.8500000e-001  7.3300000e+000
  4.0000000e-001  6.0900000e+000
  4.1700000e-001  5.2800000e+000
  4.3500000e-001  5.1200000e+000
  4.5500000e-001  5.7400000e+000
  4.7600000e-001  6.0500000e+000
  5.0000000e-001  6.4300000e+000
  5.2600000e-001  6.8500000e+000
  5.5600000e-001  6.9000000e+000
  5.8800000e-001  6.0500000e+000
  6.2500000e-001  4.7100000e+000
  6.6700000e-001  4.8500000e+000
  7.1400000e-001  4.5800000e+000
  7.6900000e-001  3.9500000e+000
  8.3300000e-001  3.3900000e+000
  9.0900000e-001  2.8800000e+000
  1.0000000e+000  2.3600000e+000
  1.0500000e+000  2.1400000e+000
  1.1100000e+000  2.1600000e+000
  1.1800000e+000  2.0800000e+000
  1.2500000e+000  1.8900000e+000
  1.3300000e+000  1.6000000e+000
  1.4300000e+000  1.4500000e+000
  1.5400000e+000  1.4100000e+000
  1.6700000e+000  1.3500000e+000
  1.8200000e+000  1.1700000e+000
  2.0000000e+000  1.0400000e+000
  2.2200000e+000  8.3200000e-001
  2.5000000e+000  5.3700000e-001
  2.8600000e+000  3.2200000e-001
  3.3300000e+000  2.4900000e-001
  4.0000000e+000  1.8700000e-001
